Year	RIB_glob	RIB_N	RIB_S
1750	-1.58634e-02	-2.70788e-02	-4.64797e-03
1751	-1.19249e-02	-2.13233e-02	-2.52646e-03
1752	-9.17120e-03	-1.81505e-02	-1.91860e-04
1753	-7.54051e-03	-1.65279e-02	1.44689e-03
1754	-6.61558e-03	-1.58378e-02	2.60660e-03
1755	-5.42275e-03	-1.45414e-02	3.69590e-03
1756	-4.23853e-03	-1.32847e-02	4.80769e-03
1757	-4.16365e-03	-1.36648e-02	5.33749e-03
1758	-3.38766e-03	-1.27301e-02	5.95478e-03
1759	-2.97706e-03	-1.23157e-02	6.36153e-03
1760	-3.25001e-03	-1.27148e-02	6.21475e-03
1761	-2.71737e-03	-1.22261e-02	6.79132e-03
1762	-1.65913e-03	-1.09836e-02	7.66532e-03
1763	-9.20092e-04	-1.03684e-02	8.52824e-03
1764	2.28013e-04	-8.97820e-03	9.43422e-03
1765	3.66891e-04	-9.25846e-03	9.99224e-03
1766	1.11081e-03	-8.43673e-03	1.06583e-02
1767	1.77738e-03	-7.78884e-03	1.13436e-02
1768	1.31462e-03	-8.74525e-03	1.13745e-02
1769	2.10492e-03	-7.70361e-03	1.19134e-02
1770	2.38456e-03	-7.48926e-03	1.22584e-02
1771	3.48303e-03	-5.96567e-03	1.29317e-02
1772	4.34813e-03	-5.07691e-03	1.37732e-02
1773	4.57080e-03	-4.93808e-03	1.40797e-02
1774	3.99961e-03	-5.94665e-03	1.39459e-02
1775	4.55718e-03	-5.19138e-03	1.43057e-02
1776	5.26426e-03	-4.36029e-03	1.48888e-02
1777	5.25832e-03	-4.65864e-03	1.51753e-02
1778	4.86337e-03	-5.20992e-03	1.49366e-02
1779	5.49107e-03	-4.28845e-03	1.52706e-02
1780	5.46238e-03	-4.54871e-03	1.54735e-02
1781	5.78654e-03	-4.23427e-03	1.58073e-02
1782	6.34889e-03	-3.52528e-03	1.62231e-02
1783	6.47309e-03	-3.41063e-03	1.63568e-02
1784	6.80245e-03	-2.93498e-03	1.65399e-02
1785	6.58561e-03	-3.41867e-03	1.65899e-02
1786	6.92016e-03	-3.03280e-03	1.68731e-02
1787	6.70480e-03	-3.41235e-03	1.68219e-02
1788	6.45881e-03	-4.05092e-03	1.69685e-02
1789	7.26074e-03	-2.96202e-03	1.74835e-02
1790	7.48746e-03	-2.80090e-03	1.77758e-02
1791	8.08652e-03	-2.02238e-03	1.81954e-02
1792	8.42768e-03	-1.67630e-03	1.85317e-02
1793	8.62001e-03	-1.47952e-03	1.87195e-02
1794	8.28959e-03	-2.25774e-03	1.88369e-02
1795	8.86943e-03	-1.47828e-03	1.92171e-02
1796	9.57784e-03	-5.97385e-04	1.97531e-02
1797	9.43424e-03	-1.11239e-03	1.99809e-02
1798	9.57758e-03	-1.14511e-03	2.03003e-02
1799	1.03597e-02	-2.28529e-04	2.09480e-02
1800	1.05342e-02	-2.46033e-04	2.13144e-02
1801	1.10603e-02	3.31754e-04	2.17889e-02
1802	1.14332e-02	5.30865e-04	2.23355e-02
1803	1.22835e-02	1.60316e-03	2.29638e-02
1804	1.26785e-02	1.88504e-03	2.34720e-02
1805	1.29577e-02	1.96768e-03	2.39478e-02
1806	1.35900e-02	2.57815e-03	2.46019e-02
1807	1.39562e-02	2.75907e-03	2.51533e-02
1808	1.41256e-02	2.59507e-03	2.56561e-02
1809	1.51779e-02	3.88533e-03	2.64705e-02
1810	1.57566e-02	4.32503e-03	2.71881e-02
1811	1.66408e-02	5.29322e-03	2.79884e-02
1812	1.73676e-02	6.06359e-03	2.86716e-02
1813	1.78865e-02	6.49000e-03	2.92829e-02
1814	1.75880e-02	5.72737e-03	2.94486e-02
1815	1.82326e-02	6.48303e-03	2.99823e-02
1816	1.86572e-02	6.84882e-03	3.04655e-02
1817	1.90323e-02	7.01099e-03	3.10536e-02
1818	1.89703e-02	6.67466e-03	3.12660e-02
1819	1.98783e-02	7.82743e-03	3.19292e-02
1820	1.98510e-02	7.58605e-03	3.21159e-02
1821	2.02060e-02	7.89785e-03	3.25142e-02
1822	2.09692e-02	8.72090e-03	3.32175e-02
1823	2.14346e-02	9.16649e-03	3.37028e-02
1824	2.17303e-02	9.32210e-03	3.41386e-02
1825	2.17762e-02	9.14257e-03	3.44097e-02
1826	2.23336e-02	9.78005e-03	3.48871e-02
1827	2.22428e-02	9.37498e-03	3.51105e-02
1828	2.20513e-02	8.73857e-03	3.53640e-02
1829	2.28724e-02	9.81477e-03	3.59300e-02
1830	2.20391e-02	8.02963e-03	3.60485e-02
1831	2.31428e-02	9.65221e-03	3.66334e-02
1832	2.32891e-02	9.76696e-03	3.68111e-02
1833	2.31796e-02	9.52943e-03	3.68298e-02
1834	2.26987e-02	8.63075e-03	3.67667e-02
1835	2.30121e-02	9.04198e-03	3.69822e-02
1836	2.22882e-02	7.77548e-03	3.68010e-02
1837	2.21155e-02	7.55232e-03	3.66787e-02
1838	2.17038e-02	6.79768e-03	3.66099e-02
1839	2.21858e-02	7.34125e-03	3.70303e-02
1840	2.23962e-02	7.29616e-03	3.74963e-02
1841	2.22760e-02	6.82953e-03	3.77225e-02
1842	2.27585e-02	7.24689e-03	3.82701e-02
1843	2.42518e-02	8.76815e-03	3.97354e-02
1844	2.52294e-02	9.15608e-03	4.13027e-02
1845	2.56546e-02	8.83152e-03	4.24777e-02
1846	2.74567e-02	1.07911e-02	4.41223e-02
1847	2.72403e-02	9.83402e-03	4.46465e-02
1848	2.70119e-02	9.22777e-03	4.47960e-02
1849	2.73879e-02	9.51703e-03	4.52589e-02
1850	2.78314e-02	9.51829e-03	4.61446e-02
1851	2.77883e-02	9.49089e-03	4.60858e-02
1852	2.80886e-02	9.50320e-03	4.66739e-02
1853	2.88100e-02	9.88943e-03	4.77305e-02
1854	2.87031e-02	8.27842e-03	4.91279e-02
1855	2.96960e-02	9.44207e-03	4.99499e-02
1856	2.93157e-02	8.33497e-03	5.02965e-02
1857	3.16206e-02	1.07511e-02	5.24900e-02
1858	3.28737e-02	1.18577e-02	5.38896e-02
1859	3.24077e-02	1.05169e-02	5.42985e-02
1860	3.18340e-02	8.81865e-03	5.48494e-02
1861	3.32956e-02	9.99381e-03	5.65974e-02
1862	3.47165e-02	1.13882e-02	5.80449e-02
1863	3.55761e-02	1.14278e-02	5.97243e-02
1864	3.76619e-02	1.27728e-02	6.25511e-02
1865	3.96879e-02	1.40605e-02	6.53154e-02
1866	4.12549e-02	1.52518e-02	6.72579e-02
1867	4.24048e-02	1.52308e-02	6.95788e-02
1868	4.50708e-02	1.75989e-02	7.25427e-02
1869	4.43468e-02	1.57073e-02	7.29864e-02
1870	4.59676e-02	1.70046e-02	7.49307e-02
1871	4.54440e-02	1.53702e-02	7.55177e-02
1872	4.37941e-02	1.16662e-02	7.59221e-02
1873	4.31664e-02	9.72015e-03	7.66126e-02
1874	4.67416e-02	1.46862e-02	7.87970e-02
1875	4.44286e-02	1.05632e-02	7.82941e-02
1876	4.50381e-02	1.06671e-02	7.94091e-02
1877	4.61087e-02	1.10668e-02	8.11507e-02
1878	4.81858e-02	1.31133e-02	8.32583e-02
1879	4.68906e-02	9.63494e-03	8.41464e-02
1880	4.30775e-02	2.22459e-03	8.39304e-02
1881	4.53286e-02	3.78749e-03	8.68697e-02
1882	4.40392e-02	6.25916e-04	8.74525e-02
1883	4.25176e-02	-2.99346e-03	8.80287e-02
1884	4.56856e-02	5.00097e-05	9.13211e-02
1885	4.79101e-02	2.05331e-03	9.37669e-02
1886	4.99300e-02	3.73747e-03	9.61225e-02
1887	4.95245e-02	1.33394e-03	9.77150e-02
1888	4.56122e-02	-7.19098e-03	9.84154e-02
1889	4.91818e-02	-2.78877e-03	1.01152e-01
1890	4.53191e-02	-1.12577e-02	1.01896e-01
1891	4.41530e-02	-1.45469e-02	1.02853e-01
1892	4.58309e-02	-1.35871e-02	1.05249e-01
1893	5.05605e-02	-7.93907e-03	1.09060e-01
1894	5.13074e-02	-9.39330e-03	1.12008e-01
1895	4.86536e-02	-1.56855e-02	1.12993e-01
1896	4.81122e-02	-1.80852e-02	1.14310e-01
1897	4.84793e-02	-2.05312e-02	1.17490e-01
1898	4.59595e-02	-2.68011e-02	1.18720e-01
1899	3.96455e-02	-3.97653e-02	1.19056e-01
1900	3.81655e-02	-4.46027e-02	1.20934e-01
1901	3.84641e-02	-4.70357e-02	1.23964e-01
1902	3.96232e-02	-4.80770e-02	1.27323e-01
1903	3.18552e-02	-6.38942e-02	1.27605e-01
1904	3.81015e-02	-5.78327e-02	1.34036e-01
1905	3.38693e-02	-6.87902e-02	1.36529e-01
1906	3.23286e-02	-7.51864e-02	1.39843e-01
1907	2.40551e-02	-9.53191e-02	1.43429e-01
1908	4.64838e-02	-6.43457e-02	1.57313e-01
1909	4.26110e-02	-7.57514e-02	1.60973e-01
1910	4.23104e-02	-8.16085e-02	1.66229e-01
1911	4.90287e-02	-7.49842e-02	1.73042e-01
1912	4.53102e-02	-8.51162e-02	1.75737e-01
1913	4.01328e-02	-9.86499e-02	1.78915e-01
1914	7.15118e-02	-5.18521e-02	1.94876e-01
1915	7.30860e-02	-5.19920e-02	1.98164e-01
1916	5.49175e-02	-8.41482e-02	1.93983e-01
1917	5.27221e-02	-9.14868e-02	1.96931e-01
1918	6.36723e-02	-7.73301e-02	2.04675e-01
1919	1.09308e-01	-6.64167e-03	2.25257e-01
1920	8.54986e-02	-5.01389e-02	2.21136e-01
1921	1.30419e-01	2.11586e-02	2.39678e-01
1922	1.15800e-01	-5.00876e-03	2.36609e-01
1923	8.44904e-02	-5.99294e-02	2.28910e-01
1924	9.52796e-02	-4.40193e-02	2.34578e-01
1925	9.95542e-02	-4.06608e-02	2.39769e-01
1926	1.01757e-01	-3.85464e-02	2.42059e-01
1927	8.80786e-02	-6.35051e-02	2.39662e-01
1928	9.44836e-02	-5.45315e-02	2.43499e-01
1929	8.14063e-02	-7.89737e-02	2.41786e-01
1930	1.12551e-01	-3.11602e-02	2.56263e-01
1931	1.44906e-01	2.06113e-02	2.69201e-01
1932	1.72598e-01	6.48427e-02	2.80353e-01
1933	1.52264e-01	3.27883e-02	2.71739e-01
1934	1.30427e-01	-3.29834e-03	2.64152e-01
1935	1.15518e-01	-2.84281e-02	2.59465e-01
1936	1.05311e-01	-4.90017e-02	2.59624e-01
1937	9.10744e-02	-7.53251e-02	2.57474e-01
1938	1.23128e-01	-2.55919e-02	2.71848e-01
1939	1.08225e-01	-5.44917e-02	2.70942e-01
1940	8.51294e-02	-9.53938e-02	2.65653e-01
1941	8.44557e-02	-1.01148e-01	2.70060e-01
1942	8.84650e-02	-1.00133e-01	2.77063e-01
1943	9.42722e-02	-9.64164e-02	2.84961e-01
1944	1.13747e-01	-7.07423e-02	2.98237e-01
1945	1.62229e-01	5.73756e-03	3.18720e-01
1946	1.64402e-01	5.78542e-03	3.23018e-01
1947	1.26132e-01	-5.91632e-02	3.11427e-01
1948	1.24110e-01	-6.74926e-02	3.15712e-01
1949	1.48189e-01	-3.27137e-02	3.29092e-01
1950	1.18272e-01	-8.85478e-02	3.25092e-01
1951	1.12406e-01	-1.02534e-01	3.27347e-01
1952	1.23078e-01	-9.22494e-02	3.38405e-01
1953	1.30163e-01	-8.88803e-02	3.49206e-01
1954	1.41901e-01	-7.77237e-02	3.61526e-01
1955	1.16263e-01	-1.28669e-01	3.61196e-01
1956	1.08687e-01	-1.54018e-01	3.71392e-01
1957	1.13732e-01	-1.59591e-01	3.87054e-01
1958	1.29471e-01	-1.45769e-01	4.04712e-01
1959	1.24865e-01	-1.66426e-01	4.16157e-01
1960	1.28240e-01	-1.74532e-01	4.31012e-01
1961	6.77118e-02	-2.80668e-01	4.16092e-01
1962	8.46243e-02	-2.64775e-01	4.34023e-01
1963	1.03297e-01	-2.54596e-01	4.61189e-01
1964	1.04195e-01	-2.68854e-01	4.77244e-01
1965	1.23165e-01	-2.56786e-01	5.03115e-01
1966	1.38915e-01	-2.49186e-01	5.27015e-01
1967	1.83414e-01	-1.96290e-01	5.63119e-01
1968	1.80136e-01	-2.18581e-01	5.78853e-01
1969	1.88118e-01	-2.22226e-01	5.98463e-01
1970	1.82336e-01	-2.51193e-01	6.15864e-01
1971	2.20523e-01	-2.09560e-01	6.50605e-01
1972	2.36116e-01	-2.06365e-01	6.78596e-01
1973	2.25562e-01	-2.40936e-01	6.92060e-01
1974	2.70661e-01	-1.83520e-01	7.24841e-01
1975	3.10400e-01	-1.34201e-01	7.55001e-01
1976	2.95400e-01	-1.76063e-01	7.66863e-01
1977	3.18190e-01	-1.55039e-01	7.91420e-01
1978	3.46215e-01	-1.26497e-01	8.18927e-01
1979	3.54295e-01	-1.27560e-01	8.36149e-01
1980	3.76181e-01	-1.01909e-01	8.54271e-01
1981	4.21324e-01	-3.89263e-02	8.81574e-01
1982	4.57191e-01	6.00383e-03	9.08377e-01
1983	4.70324e-01	2.24648e-02	9.18183e-01
1984	4.77213e-01	2.22242e-02	9.32201e-01
1985	4.91320e-01	3.56543e-02	9.46987e-01
1986	5.09945e-01	5.47256e-02	9.65165e-01
1987	5.14468e-01	4.94203e-02	9.79515e-01
1988	5.26085e-01	5.83493e-02	9.93820e-01
1989	5.35257e-01	6.79802e-02	1.00253e+00
1990	5.48183e-01	8.33134e-02	1.01305e+00
1991	5.81872e-01	1.27026e-01	1.03672e+00
1992	5.89548e-01	1.48691e-01	1.03040e+00
1993	6.05054e-01	1.72515e-01	1.03759e+00
1994	6.33817e-01	2.14022e-01	1.05361e+00
1995	6.39464e-01	2.25839e-01	1.05309e+00
1996	6.46336e-01	2.39145e-01	1.05353e+00
1997	6.73841e-01	2.69138e-01	1.07854e+00
1998	6.78241e-01	2.82043e-01	1.07444e+00
1999	7.00465e-01	3.26903e-01	1.07403e+00
2000	6.85709e-01	3.06437e-01	1.06498e+00
2001	6.75074e-01	2.91660e-01	1.05849e+00
2002	6.90539e-01	3.12970e-01	1.06811e+00
2003	6.64919e-01	2.69164e-01	1.06067e+00
2004	6.46596e-01	2.30764e-01	1.06243e+00
2005	6.30294e-01	1.98888e-01	1.06170e+00
2006	6.46268e-01	2.16137e-01	1.07640e+00
2007	6.67830e-01	2.43363e-01	1.09230e+00
2008	6.92650e-01	2.79431e-01	1.10587e+00
2009	7.28071e-01	3.34539e-01	1.12160e+00
2010	7.44813e-01	3.53126e-01	1.13650e+00
2011	7.42973e-01	3.44468e-01	1.14148e+00
2012	7.66524e-01	3.76674e-01	1.15637e+00
2013	7.74410e-01	3.86144e-01	1.16268e+00
2014	7.90550e-01	4.05151e-01	1.17595e+00
2015	8.93094e-01	5.66812e-01	1.21938e+00
2016	9.06304e-01	5.88738e-01	1.22387e+00
2017	9.23151e-01	6.18714e-01	1.22759e+00
2018	9.41170e-01	6.50939e-01	1.23140e+00
2019	9.58601e-01	6.82855e-01	1.23435e+00
2020	9.75839e-01	7.14685e-01	1.23699e+00
2021	9.65067e-01	7.00531e-01	1.22960e+00
2022	9.58900e-01	6.93760e-01	1.22404e+00
2023	9.55088e-01	6.90048e-01	1.22013e+00
2024	9.52622e-01	6.87866e-01	1.21738e+00
2025	9.51067e-01	6.86649e-01	1.21548e+00
2026	9.50192e-01	6.86123e-01	1.21426e+00
2027	9.49855e-01	6.86129e-01	1.21358e+00
2028	9.49956e-01	6.86562e-01	1.21335e+00
2029	9.50424e-01	6.87348e-01	1.21350e+00
2030	9.51204e-01	6.88435e-01	1.21397e+00
2031	9.59381e-01	7.01753e-01	1.21701e+00
2032	9.65839e-01	7.12603e-01	1.21908e+00
2033	9.71301e-01	7.22270e-01	1.22033e+00
2034	9.76102e-01	7.31228e-01	1.22098e+00
2035	9.80412e-01	7.39681e-01	1.22114e+00
2036	9.84332e-01	7.47742e-01	1.22092e+00
2037	9.87934e-01	7.55486e-01	1.22038e+00
2038	9.91271e-01	7.62967e-01	1.21958e+00
2039	9.94387e-01	7.70227e-01	1.21855e+00
2040	9.97314e-01	7.77301e-01	1.21733e+00
2041	1.00061e+00	7.85159e-01	1.21607e+00
2042	1.00343e+00	7.92465e-01	1.21439e+00
2043	1.00588e+00	7.99393e-01	1.21236e+00
2044	1.00803e+00	8.06020e-01	1.21005e+00
2045	1.00994e+00	8.12398e-01	1.20748e+00
2046	1.01164e+00	8.18564e-01	1.20471e+00
2047	1.01315e+00	8.24546e-01	1.20175e+00
2048	1.01450e+00	8.30367e-01	1.19864e+00
2049	1.01572e+00	8.36047e-01	1.19539e+00
2050	1.01681e+00	8.41603e-01	1.19202e+00
2051	1.01334e+00	8.39899e-01	1.18677e+00
2052	1.01033e+00	8.39073e-01	1.18158e+00
2053	1.00749e+00	8.38521e-01	1.17646e+00
2054	1.00470e+00	8.38040e-01	1.17135e+00
2055	1.00190e+00	8.37568e-01	1.16624e+00
2056	9.99097e-01	8.37080e-01	1.16111e+00
2057	9.96266e-01	8.36564e-01	1.15597e+00
2058	9.93407e-01	8.36018e-01	1.15080e+00
2059	9.90519e-01	8.35438e-01	1.14560e+00
2060	9.87601e-01	8.34825e-01	1.14038e+00
2061	9.82068e-01	8.30121e-01	1.13401e+00
2062	9.76992e-01	8.26114e-01	1.12787e+00
2063	9.72154e-01	8.22407e-01	1.12190e+00
2064	9.67449e-01	8.18850e-01	1.11605e+00
2065	9.62826e-01	8.15385e-01	1.11027e+00
2066	9.58256e-01	8.11976e-01	1.10453e+00
2067	9.53718e-01	8.08604e-01	1.09883e+00
2068	9.49197e-01	8.05251e-01	1.09314e+00
2069	9.44681e-01	8.01907e-01	1.08746e+00
2070	9.40160e-01	7.98560e-01	1.08176e+00
2071	9.35208e-01	7.94636e-01	1.07578e+00
2072	9.29857e-01	7.90346e-01	1.06937e+00
2073	9.24171e-01	7.85742e-01	1.06260e+00
2074	9.18190e-01	7.80857e-01	1.05552e+00
2075	9.11943e-01	7.75720e-01	1.04817e+00
2076	9.05452e-01	7.70350e-01	1.04055e+00
2077	8.98735e-01	7.64764e-01	1.03271e+00
2078	8.91807e-01	7.58977e-01	1.02464e+00
2079	8.84680e-01	7.53000e-01	1.01636e+00
2080	8.77364e-01	7.46843e-01	1.00789e+00
2081	8.71187e-01	7.42702e-01	9.99672e-01
2082	8.64548e-01	7.37985e-01	9.91111e-01
2083	8.57568e-01	7.32911e-01	9.82226e-01
2084	8.50303e-01	7.27559e-01	9.73047e-01
2085	8.42780e-01	7.21962e-01	9.63598e-01
2086	8.35013e-01	7.16135e-01	9.53890e-01
2087	8.27013e-01	7.10090e-01	9.43936e-01
2088	8.18789e-01	7.03835e-01	9.33743e-01
2089	8.10346e-01	6.97375e-01	9.23317e-01
2090	8.01689e-01	6.90714e-01	9.12665e-01
2091	7.91648e-01	6.81400e-01	9.01896e-01
2092	7.82049e-01	6.72717e-01	8.91382e-01
2093	7.72699e-01	6.64330e-01	8.81068e-01
2094	7.63503e-01	6.56110e-01	8.70896e-01
2095	7.54410e-01	6.47999e-01	8.60822e-01
2096	7.45388e-01	6.39960e-01	8.50816e-01
2097	7.36413e-01	6.31970e-01	8.40856e-01
2098	7.27466e-01	6.24011e-01	8.30922e-01
2099	7.18533e-01	6.16066e-01	8.21000e-01
2100	7.09602e-01	6.08126e-01	8.11078e-01
