Year	dT_glob	dT_NH	dT_SH	dT_glob_air	dT_NH_air	dT_SH_air	dT_glob_sea	dT_NH_sea	dT_SHsea	dSL(m)	dSL_thermal(m)	dSL_ice(m)
1750	-7.32719e-04	-1.27601e-03	-1.89431e-04	-1.17921e-03	-2.03697e-03	-3.21454e-04	-4.73976e-04	-7.89489e-04	-1.58462e-04	-1.27089e-05	-8.25581e-06	-4.45305e-06
1751	-2.29772e-03	-3.73653e-03	-8.58916e-04	-2.99242e-03	-4.96177e-03	-1.02308e-03	-1.88680e-03	-2.95318e-03	-8.20409e-04	-5.57263e-05	-3.74248e-05	-1.83016e-05
1752	-3.03803e-03	-4.67266e-03	-1.40340e-03	-3.58727e-03	-5.72634e-03	-1.44820e-03	-2.69594e-03	-3.99900e-03	-1.39289e-03	-9.82478e-05	-6.20435e-05	-3.62042e-05
1753	-3.38311e-03	-5.05011e-03	-1.71611e-03	-3.83097e-03	-5.99966e-03	-1.66227e-03	-3.08588e-03	-4.44302e-03	-1.72874e-03	-1.35835e-04	-8.03578e-05	-5.54767e-05
1754	-3.58103e-03	-5.26019e-03	-1.90187e-03	-3.96595e-03	-6.15510e-03	-1.77680e-03	-3.30962e-03	-4.68804e-03	-1.93121e-03	-1.70115e-04	-9.49981e-05	-7.51166e-05
1755	-3.70068e-03	-5.38243e-03	-2.01893e-03	-4.02938e-03	-6.22446e-03	-1.83430e-03	-3.45316e-03	-4.84408e-03	-2.06224e-03	-2.01851e-04	-1.07235e-04	-9.46156e-05
1756	-3.72679e-03	-5.38381e-03	-2.06977e-03	-3.99338e-03	-6.16017e-03	-1.82659e-03	-3.50713e-03	-4.88744e-03	-2.12682e-03	-2.30314e-04	-1.16911e-04	-1.13404e-04
1757	-3.72073e-03	-5.37085e-03	-2.07060e-03	-3.95617e-03	-6.12716e-03	-1.78518e-03	-3.51243e-03	-4.88730e-03	-2.13756e-03	-2.55932e-04	-1.24624e-04	-1.31309e-04
1758	-3.72706e-03	-5.38790e-03	-2.06622e-03	-3.93644e-03	-6.12418e-03	-1.74871e-03	-3.52893e-03	-4.91716e-03	-2.14070e-03	-2.80090e-04	-1.31646e-04	-1.48444e-04
1759	-3.69281e-03	-5.33891e-03	-2.04671e-03	-3.87175e-03	-6.04176e-03	-1.70173e-03	-3.50859e-03	-4.88954e-03	-2.12764e-03	-3.01966e-04	-1.37366e-04	-1.64600e-04
1760	-3.67764e-03	-5.32110e-03	-2.03417e-03	-3.85341e-03	-6.02394e-03	-1.68287e-03	-3.49416e-03	-4.87175e-03	-2.11658e-03	-3.22449e-04	-1.42513e-04	-1.79936e-04
1761	-3.68705e-03	-5.33598e-03	-2.03812e-03	-3.85250e-03	-6.03268e-03	-1.67231e-03	-3.50724e-03	-4.89055e-03	-2.12393e-03	-3.42384e-04	-1.47743e-04	-1.94641e-04
1762	-3.62917e-03	-5.26215e-03	-1.99619e-03	-3.75203e-03	-5.91282e-03	-1.59124e-03	-3.46866e-03	-4.84614e-03	-2.09118e-03	-3.60140e-04	-1.51800e-04	-2.08340e-04
1763	-3.49512e-03	-5.10039e-03	-1.88985e-03	-3.57201e-03	-5.70468e-03	-1.43934e-03	-3.35479e-03	-4.71404e-03	-1.99553e-03	-3.74548e-04	-1.53940e-04	-2.20608e-04
1764	-3.30675e-03	-4.88284e-03	-1.73067e-03	-3.33241e-03	-5.43181e-03	-1.23302e-03	-3.18963e-03	-4.53187e-03	-1.84740e-03	-3.85518e-04	-1.54345e-04	-2.31173e-04
1765	-3.08603e-03	-4.64048e-03	-1.53157e-03	-3.07953e-03	-5.16344e-03	-9.95634e-04	-2.98171e-03	-4.30613e-03	-1.65729e-03	-3.92933e-04	-1.53024e-04	-2.39909e-04
1766	-2.88196e-03	-4.44056e-03	-1.32336e-03	-2.84854e-03	-4.94376e-03	-7.53316e-04	-2.78796e-03	-4.11884e-03	-1.45707e-03	-3.98059e-04	-1.51059e-04	-2.47000e-04
1767	-2.63924e-03	-4.18325e-03	-1.09524e-03	-2.56833e-03	-4.64842e-03	-4.88246e-04	-2.56173e-03	-3.88584e-03	-1.23762e-03	-4.00092e-04	-1.47805e-04	-2.52288e-04
1768	-2.41876e-03	-3.97378e-03	-8.63741e-04	-2.34372e-03	-4.44906e-03	-2.38381e-04	-2.34017e-03	-3.66991e-03	-1.01043e-03	-3.99811e-04	-1.43826e-04	-2.55985e-04
1769	-2.23650e-03	-3.81196e-03	-6.61038e-04	-2.14755e-03	-4.27793e-03	-1.71620e-05	-2.16306e-03	-3.51405e-03	-8.12071e-04	-3.98509e-04	-1.40108e-04	-2.58401e-04
1770	-2.00735e-03	-3.56985e-03	-4.44846e-04	-1.89185e-03	-4.00638e-03	2.22693e-04	-1.94609e-03	-3.29075e-03	-6.01429e-04	-3.94627e-04	-1.35313e-04	-2.59314e-04
1771	-1.74465e-03	-3.27847e-03	-2.10830e-04	-1.59024e-03	-3.66562e-03	4.85148e-04	-1.70252e-03	-3.03095e-03	-3.74084e-04	-3.88085e-04	-1.29503e-04	-2.58582e-04
1772	-1.40665e-03	-2.88685e-03	7.35553e-05	-1.20136e-03	-3.21268e-03	8.09957e-04	-1.38886e-03	-2.67854e-03	-9.91808e-05	-3.77576e-04	-1.21756e-04	-2.55820e-04
1773	-1.05619e-03	-2.50650e-03	3.94129e-04	-8.22527e-04	-2.80477e-03	1.15971e-03	-1.05063e-03	-2.31581e-03	2.14547e-04	-3.63649e-04	-1.12614e-04	-2.51035e-04
1774	-7.71358e-04	-2.23253e-03	6.89813e-04	-5.46191e-04	-2.55277e-03	1.46039e-03	-7.59361e-04	-2.02778e-03	5.09061e-04	-3.48163e-04	-1.03447e-04	-2.44716e-04
1775	-5.37108e-04	-2.01956e-03	9.45348e-04	-3.07283e-04	-2.33988e-03	1.72532e-03	-5.26188e-04	-1.81477e-03	7.62392e-04	-3.32173e-04	-9.49236e-05	-2.37250e-04
1776	-2.47203e-04	-1.71118e-03	1.21677e-03	1.57461e-05	-1.99142e-03	2.02292e-03	-2.52163e-04	-1.53200e-03	1.02767e-03	-3.13826e-04	-8.54715e-05	-2.28354e-04
1777	6.02167e-05	-1.39375e-03	1.51418e-03	3.40306e-04	-1.66214e-03	2.34275e-03	4.88363e-05	-1.22215e-03	1.31983e-03	-2.93006e-04	-7.50243e-05	-2.17982e-04
1778	3.13410e-04	-1.16219e-03	1.78901e-03	5.83941e-04	-1.45089e-03	2.61877e-03	3.08381e-04	-9.77614e-04	1.59438e-03	-2.71309e-04	-6.47814e-05	-2.06527e-04
1779	5.47739e-04	-9.32715e-04	2.02819e-03	8.28073e-04	-1.20751e-03	2.86365e-03	5.37596e-04	-7.57028e-04	1.83222e-03	-2.49038e-04	-5.48792e-05	-1.94159e-04
1780	8.12798e-04	-6.55955e-04	2.28155e-03	1.10692e-03	-9.17235e-04	3.13107e-03	7.96687e-04	-4.88907e-04	2.08228e-03	-2.24995e-04	-4.42608e-05	-1.80735e-04
1781	1.06485e-03	-4.10188e-04	2.53988e-03	1.36868e-03	-6.67135e-04	3.40450e-03	1.04558e-03	-2.45910e-04	2.33707e-03	-1.99879e-04	-3.35034e-05	-1.66376e-04
1782	1.34572e-03	-1.19454e-04	2.81090e-03	1.67357e-03	-3.48954e-04	3.69610e-03	1.31527e-03	2.72752e-05	2.60326e-03	-1.73059e-04	-2.21077e-05	-1.50951e-04
1783	1.64726e-03	1.99998e-04	3.09452e-03	1.99233e-03	-9.18561e-06	3.99385e-03	1.60865e-03	3.33739e-04	2.88356e-03	-1.44251e-04	-9.87305e-06	-1.34378e-04
1784	1.94200e-03	5.10800e-04	3.37320e-03	2.30058e-03	3.19404e-04	4.28175e-03	1.89662e-03	6.33168e-04	3.16008e-03	-1.14029e-04	2.71904e-06	-1.16748e-04
1785	2.22377e-03	7.99094e-04	3.64844e-03	2.58484e-03	6.06304e-04	4.56338e-03	2.17809e-03	9.22354e-04	3.43383e-03	-8.25998e-05	1.55872e-05	-9.81870e-05
1786	2.48070e-03	1.04685e-03	3.91454e-03	2.84754e-03	8.55279e-04	4.83979e-03	2.43342e-03	1.16933e-03	3.69751e-03	-5.06265e-05	2.82621e-05	-7.88886e-05
1787	2.73830e-03	1.29901e-03	4.17758e-03	3.10716e-03	1.10562e-03	5.10870e-03	2.69091e-03	1.42266e-03	3.95917e-03	-1.77176e-05	4.11663e-05	-5.88839e-05
1788	2.95207e-03	1.48310e-03	4.42105e-03	3.31003e-03	1.26382e-03	5.35623e-03	2.91249e-03	1.62329e-03	4.20168e-03	1.51440e-05	5.36140e-05	-3.84699e-05
1789	3.17744e-03	1.68933e-03	4.66556e-03	3.55286e-03	1.48564e-03	5.62008e-03	3.13060e-03	1.81955e-03	4.44166e-03	4.83822e-05	6.59807e-05	-1.75985e-05
1790	3.46375e-03	1.99020e-03	4.93730e-03	3.86374e-03	1.81486e-03	5.91262e-03	3.40541e-03	2.10230e-03	4.70853e-03	8.35876e-05	7.95047e-05	4.08287e-06
1791	3.76627e-03	2.30809e-03	5.22446e-03	4.18949e-03	2.15970e-03	6.21928e-03	3.69703e-03	2.40296e-03	4.99111e-03	1.20385e-04	9.37408e-05	2.66446e-05
1792	4.09838e-03	2.66482e-03	5.53194e-03	4.54592e-03	2.54508e-03	6.54677e-03	4.01764e-03	2.74138e-03	5.29390e-03	1.59184e-04	1.08954e-04	5.02300e-05
1793	4.42899e-03	3.01068e-03	5.84729e-03	4.89119e-03	2.90631e-03	6.87608e-03	4.34169e-03	3.07741e-03	5.60597e-03	1.99549e-04	1.24761e-04	7.47883e-05
1794	4.72608e-03	3.29719e-03	6.15497e-03	5.18479e-03	3.17708e-03	7.19251e-03	4.64279e-03	3.37398e-03	5.91160e-03	2.40691e-04	1.40618e-04	1.00073e-04
1795	5.00304e-03	3.55427e-03	6.45181e-03	5.47182e-03	3.43923e-03	7.50441e-03	4.91636e-03	3.62782e-03	6.20490e-03	2.82136e-04	1.56209e-04	1.25927e-04
1796	5.34102e-03	3.91292e-03	6.76913e-03	5.84328e-03	3.83979e-03	7.84678e-03	5.23801e-03	3.95967e-03	6.51635e-03	3.25534e-04	1.72840e-04	1.52694e-04
1797	5.69255e-03	4.27393e-03	7.11117e-03	6.20800e-03	4.20768e-03	8.20832e-03	5.58505e-03	4.31629e-03	6.85381e-03	3.70847e-04	1.90423e-04	1.80424e-04
1798	6.00430e-03	4.56208e-03	7.44653e-03	6.52230e-03	4.48507e-03	8.55953e-03	5.89838e-03	4.61131e-03	7.18545e-03	4.16710e-04	2.07874e-04	2.08836e-04
1799	6.34040e-03	4.89156e-03	7.78924e-03	6.88465e-03	4.83956e-03	8.92975e-03	6.22326e-03	4.92480e-03	7.52171e-03	4.63820e-04	2.25778e-04	2.38042e-04
1800	6.71571e-03	5.27296e-03	8.15846e-03	7.28347e-03	5.24149e-03	9.32546e-03	6.58890e-03	5.29308e-03	7.88472e-03	5.13062e-04	2.44811e-04	2.68251e-04
1801	7.09106e-03	5.64751e-03	8.53462e-03	7.67927e-03	5.63345e-03	9.72509e-03	6.95593e-03	5.65649e-03	8.25537e-03	5.63819e-04	2.64395e-04	2.99424e-04
1802	7.48757e-03	6.04801e-03	8.92714e-03	8.09960e-03	6.05359e-03	1.01456e-02	7.34288e-03	6.04444e-03	8.64133e-03	6.16471e-04	2.84825e-04	3.31646e-04
1803	7.91206e-03	6.48284e-03	9.34128e-03	8.55813e-03	6.52444e-03	1.05918e-02	7.75210e-03	6.45625e-03	9.04795e-03	6.71230e-04	3.06183e-04	3.65046e-04
1804	8.37547e-03	6.96964e-03	9.78131e-03	9.05351e-03	7.04485e-03	1.10622e-02	8.20121e-03	6.92155e-03	9.48086e-03	7.28708e-04	3.28896e-04	3.99812e-04
1805	8.82989e-03	7.42600e-03	1.02338e-02	9.52697e-03	7.51240e-03	1.15415e-02	8.64890e-03	7.37075e-03	9.92704e-03	7.88150e-04	3.52318e-04	4.35832e-04
1806	9.28904e-03	7.88212e-03	1.06960e-02	1.00122e-02	7.98918e-03	1.20353e-02	9.09774e-03	7.81368e-03	1.03818e-02	8.49441e-04	3.76360e-04	4.73081e-04
1807	9.76964e-03	8.36234e-03	1.11769e-02	1.05192e-02	8.48942e-03	1.25489e-02	9.56810e-03	8.28110e-03	1.08551e-02	9.13014e-04	4.01378e-04	5.11635e-04
1808	1.02392e-02	8.81383e-03	1.16647e-02	1.10038e-02	8.94194e-03	1.30657e-02	1.00340e-02	8.73192e-03	1.13360e-02	9.78330e-04	4.26956e-04	5.51374e-04
1809	1.07291e-02	9.29652e-03	1.21618e-02	1.15290e-02	9.45809e-03	1.36000e-02	1.05088e-02	9.19322e-03	1.18244e-02	1.04558e-03	4.53211e-04	5.92367e-04
1810	1.12809e-02	9.86763e-03	1.26941e-02	1.21224e-02	1.00715e-02	1.41734e-02	1.10422e-02	9.73731e-03	1.23471e-02	1.11608e-03	4.81142e-04	6.34939e-04
1811	1.18573e-02	1.04595e-02	1.32552e-02	1.27394e-02	1.07030e-02	1.47758e-02	1.16012e-02	1.03038e-02	1.28985e-02	1.18955e-03	5.10373e-04	6.79176e-04
1812	1.24730e-02	1.11016e-02	1.38443e-02	1.33979e-02	1.13910e-02	1.54048e-02	1.21974e-02	1.09166e-02	1.34782e-02	1.26640e-03	5.41155e-04	7.25247e-04
1813	1.31009e-02	1.17505e-02	1.44513e-02	1.40597e-02	1.20722e-02	1.60471e-02	1.28109e-02	1.15448e-02	1.40770e-02	1.34636e-03	5.73206e-04	7.73150e-04
1814	1.36912e-02	1.23296e-02	1.50528e-02	1.46560e-02	1.26425e-02	1.66696e-02	1.34016e-02	1.21296e-02	1.46736e-02	1.42834e-03	6.05764e-04	8.22577e-04
1815	1.42412e-02	1.28561e-02	1.56262e-02	1.52198e-02	1.31749e-02	1.72648e-02	1.39471e-02	1.26524e-02	1.52419e-02	1.51133e-03	6.38113e-04	8.73213e-04
1816	1.48252e-02	1.34443e-02	1.62060e-02	1.58316e-02	1.37906e-02	1.78726e-02	1.45190e-02	1.32229e-02	1.58151e-02	1.59657e-03	6.71365e-04	9.25208e-04
1817	1.54136e-02	1.40301e-02	1.67970e-02	1.64421e-02	1.43908e-02	1.84934e-02	1.50993e-02	1.37995e-02	1.63991e-02	1.68390e-03	7.05364e-04	9.78533e-04
1818	1.59835e-02	1.45796e-02	1.73874e-02	1.70207e-02	1.49360e-02	1.91053e-02	1.56681e-02	1.43517e-02	1.69845e-02	1.77278e-03	7.39755e-04	1.03302e-03
1819	1.65539e-02	1.51421e-02	1.79657e-02	1.76170e-02	1.55242e-02	1.97098e-02	1.62272e-02	1.48978e-02	1.75566e-02	1.86305e-03	7.74424e-04	1.08862e-03
1820	1.71563e-02	1.57549e-02	1.85576e-02	1.82403e-02	1.61569e-02	2.03237e-02	1.68206e-02	1.54979e-02	1.81434e-02	1.95569e-03	8.10211e-04	1.14548e-03
1821	1.77291e-02	1.63208e-02	1.91373e-02	1.88246e-02	1.67283e-02	2.09208e-02	1.73896e-02	1.60603e-02	1.87189e-02	2.04953e-03	8.46155e-04	1.20337e-03
1822	1.83274e-02	1.69258e-02	1.97289e-02	1.94540e-02	1.73644e-02	2.15435e-02	1.79743e-02	1.66454e-02	1.93033e-02	2.14521e-03	8.82811e-04	1.26240e-03
1823	1.89626e-02	1.75770e-02	2.03481e-02	2.01211e-02	1.80481e-02	2.21941e-02	1.85955e-02	1.72759e-02	1.99151e-02	2.24344e-03	9.20692e-04	1.32275e-03
1824	1.95964e-02	1.82177e-02	2.09751e-02	2.07759e-02	1.87054e-02	2.28464e-02	1.92210e-02	1.79059e-02	2.05361e-02	2.34371e-03	9.59358e-04	1.38435e-03
1825	2.02080e-02	1.88191e-02	2.15968e-02	2.13975e-02	1.93073e-02	2.34878e-02	1.98301e-02	1.85070e-02	2.11532e-02	2.44539e-03	9.98366e-04	1.44703e-03
1826	2.08108e-02	1.94134e-02	2.22082e-02	2.20188e-02	1.99166e-02	2.41211e-02	2.04255e-02	1.90916e-02	2.17595e-02	2.54827e-03	1.03760e-03	1.51067e-03
1827	2.14174e-02	2.00138e-02	2.28210e-02	2.26369e-02	2.05208e-02	2.47529e-02	2.10288e-02	1.96897e-02	2.23679e-02	2.65269e-03	1.07743e-03	1.57526e-03
1828	2.19729e-02	2.05303e-02	2.34155e-02	2.31866e-02	2.10116e-02	2.53617e-02	2.15908e-02	2.02226e-02	2.29590e-02	2.75742e-03	1.11697e-03	1.64045e-03
1829	2.25303e-02	2.10612e-02	2.39995e-02	2.37640e-02	2.15581e-02	2.59699e-02	2.21404e-02	2.07435e-02	2.35373e-02	2.86270e-03	1.15647e-03	1.70623e-03
1830	2.30887e-02	2.15881e-02	2.45892e-02	2.43181e-02	2.20587e-02	2.65775e-02	2.27051e-02	2.12872e-02	2.41229e-02	2.96913e-03	1.19656e-03	1.77257e-03
1831	2.36099e-02	2.20631e-02	2.51567e-02	2.48532e-02	2.25395e-02	2.71668e-02	2.32218e-02	2.17585e-02	2.46852e-02	3.07526e-03	1.23602e-03	1.83924e-03
1832	2.42094e-02	2.26820e-02	2.57367e-02	2.54817e-02	2.31967e-02	2.77666e-02	2.38067e-02	2.23529e-02	2.52606e-02	3.18358e-03	1.27689e-03	1.90669e-03
1833	2.47795e-02	2.32533e-02	2.63058e-02	2.60537e-02	2.37660e-02	2.83413e-02	2.43769e-02	2.29255e-02	2.58283e-02	3.29275e-03	1.31803e-03	1.97472e-03
1834	2.52924e-02	2.37389e-02	2.68458e-02	2.65518e-02	2.42223e-02	2.88813e-02	2.48991e-02	2.34298e-02	2.63684e-02	3.40162e-03	1.35865e-03	2.04297e-03
1835	2.57722e-02	2.41862e-02	2.73583e-02	2.70304e-02	2.46608e-02	2.94000e-02	2.53810e-02	2.38827e-02	2.68794e-02	3.50982e-03	1.39861e-03	2.11121e-03
1836	2.62397e-02	2.46225e-02	2.78570e-02	2.74846e-02	2.50698e-02	2.98994e-02	2.58572e-02	2.43365e-02	2.73779e-02	3.61783e-03	1.43846e-03	2.17937e-03
1837	2.66426e-02	2.49719e-02	2.83134e-02	2.78668e-02	2.53840e-02	3.03495e-02	2.62721e-02	2.47084e-02	2.78358e-02	3.72425e-03	1.47717e-03	2.24708e-03
1838	2.70261e-02	2.53126e-02	2.87396e-02	2.82342e-02	2.56966e-02	3.07719e-02	2.66650e-02	2.50671e-02	2.82629e-02	3.82946e-03	1.51523e-03	2.31423e-03
1839	2.74107e-02	2.56624e-02	2.91590e-02	2.86228e-02	2.60431e-02	3.12026e-02	2.70494e-02	2.54191e-02	2.86797e-02	3.93373e-03	1.55287e-03	2.38086e-03
1840	2.78446e-02	2.60813e-02	2.96079e-02	2.90732e-02	2.64713e-02	3.16750e-02	2.74775e-02	2.58320e-02	2.91230e-02	4.03846e-03	1.59117e-03	2.44729e-03
1841	2.82757e-02	2.64790e-02	3.00724e-02	2.95061e-02	2.68546e-02	3.21576e-02	2.79110e-02	2.62388e-02	2.95833e-02	4.14327e-03	1.62974e-03	2.51354e-03
1842	2.87068e-02	2.68767e-02	3.05370e-02	2.99488e-02	2.72530e-02	3.26446e-02	2.83393e-02	2.66361e-02	3.00426e-02	4.24794e-03	1.66834e-03	2.57960e-03
1843	2.92244e-02	2.73942e-02	3.10545e-02	3.05199e-02	2.78217e-02	3.32181e-02	2.88340e-02	2.71209e-02	3.05470e-02	4.35430e-03	1.70828e-03	2.64602e-03
1844	2.98520e-02	2.80225e-02	3.16815e-02	3.12103e-02	2.84955e-02	3.39251e-02	2.94376e-02	2.77200e-02	3.11553e-02	4.46424e-03	1.75078e-03	2.71346e-03
1845	3.05001e-02	2.86212e-02	3.23790e-02	3.18954e-02	2.90958e-02	3.46951e-02	3.00767e-02	2.83178e-02	3.18357e-02	4.57697e-03	1.79496e-03	2.78202e-03
1846	3.11946e-02	2.92771e-02	3.31122e-02	3.26534e-02	2.98001e-02	3.55067e-02	3.07466e-02	2.89427e-02	3.25505e-02	4.69255e-03	1.84063e-03	2.85193e-03
1847	3.19466e-02	3.00081e-02	3.38851e-02	3.34423e-02	3.05488e-02	3.63359e-02	3.14863e-02	2.96624e-02	3.33103e-02	4.81214e-03	1.88866e-03	2.92348e-03
1848	3.25993e-02	3.05915e-02	3.46072e-02	3.40873e-02	3.10962e-02	3.70783e-02	3.21482e-02	3.02688e-02	3.40275e-02	4.93245e-03	1.93642e-03	2.99602e-03
1849	3.32148e-02	3.11547e-02	3.52749e-02	3.47100e-02	3.16536e-02	3.77665e-02	3.27631e-02	3.08357e-02	3.46904e-02	5.05311e-03	1.98385e-03	3.06927e-03
1850	3.38494e-02	3.17533e-02	3.59456e-02	3.53669e-02	3.22580e-02	3.84758e-02	3.33914e-02	3.14307e-02	3.53520e-02	5.17514e-03	2.03183e-03	3.14330e-03
1851	3.44840e-02	3.23510e-02	3.66170e-02	3.60116e-02	3.28550e-02	3.91682e-02	3.40237e-02	3.20288e-02	3.60186e-02	5.29846e-03	2.08036e-03	3.21810e-03
1852	3.50986e-02	3.29419e-02	3.72554e-02	3.66351e-02	3.34458e-02	3.98244e-02	3.46362e-02	3.26197e-02	3.66527e-02	5.42246e-03	2.12895e-03	3.29351e-03
1853	3.57358e-02	3.35492e-02	3.79224e-02	3.73008e-02	3.40644e-02	4.05373e-02	3.52645e-02	3.32198e-02	3.73091e-02	5.54779e-03	2.17815e-03	3.36963e-03
1854	3.63773e-02	3.41094e-02	3.86453e-02	3.79574e-02	3.45878e-02	4.13270e-02	3.59099e-02	3.38035e-02	3.80163e-02	5.67464e-03	2.22816e-03	3.44648e-03
1855	3.70160e-02	3.46422e-02	3.93898e-02	3.86236e-02	3.51159e-02	4.21313e-02	3.65430e-02	3.43393e-02	3.87467e-02	5.80242e-03	2.27841e-03	3.52401e-03
1856	3.76836e-02	3.52532e-02	4.01141e-02	3.93038e-02	3.57195e-02	4.28882e-02	3.72092e-02	3.49551e-02	3.94634e-02	5.93213e-03	2.32977e-03	3.60236e-03
1857	3.83810e-02	3.59051e-02	4.08569e-02	4.00600e-02	3.64143e-02	4.37056e-02	3.78841e-02	3.55796e-02	4.01887e-02	6.06348e-03	2.38179e-03	3.68169e-03
1858	3.92550e-02	3.67905e-02	4.17195e-02	4.10227e-02	3.73842e-02	4.46612e-02	3.87202e-02	3.64109e-02	4.10294e-02	6.20048e-03	2.43746e-03	3.76302e-03
1859	4.01103e-02	3.76151e-02	4.26055e-02	4.18970e-02	3.81995e-02	4.55945e-02	3.95730e-02	3.72415e-02	4.19044e-02	6.34111e-03	2.49492e-03	3.84619e-03
1860	4.08253e-02	3.82173e-02	4.34334e-02	4.25893e-02	3.87263e-02	4.64523e-02	4.03086e-02	3.78919e-02	4.27252e-02	6.48164e-03	2.55140e-03	3.93024e-03
1861	4.15259e-02	3.88048e-02	4.42470e-02	4.33202e-02	3.93065e-02	4.73338e-02	4.10035e-02	3.84841e-02	4.35229e-02	6.62250e-03	2.60744e-03	4.01506e-03
1862	4.23695e-02	3.96083e-02	4.51308e-02	4.42376e-02	4.01722e-02	4.83031e-02	4.18172e-02	3.92478e-02	4.43867e-02	6.76745e-03	2.66597e-03	4.10147e-03
1863	4.32856e-02	4.04937e-02	4.60775e-02	4.52128e-02	4.10907e-02	4.93349e-02	4.27127e-02	4.01120e-02	4.53134e-02	6.91693e-03	2.72707e-03	4.18986e-03
1864	4.42616e-02	4.14072e-02	4.71159e-02	4.62713e-02	4.20448e-02	5.04979e-02	4.36611e-02	4.09996e-02	4.63226e-02	7.07089e-03	2.79039e-03	4.28050e-03
1865	4.53773e-02	4.24623e-02	4.82922e-02	4.74954e-02	4.31667e-02	5.18241e-02	4.47379e-02	4.20120e-02	4.74638e-02	7.23164e-03	2.85748e-03	4.37416e-03
1866	4.65870e-02	4.36204e-02	4.95535e-02	4.88002e-02	4.43891e-02	5.32113e-02	4.59123e-02	4.31290e-02	4.86956e-02	7.39957e-03	2.92830e-03	4.47128e-03
1867	4.78238e-02	4.47936e-02	5.08539e-02	5.01108e-02	4.55915e-02	5.46301e-02	4.71258e-02	4.42834e-02	4.99682e-02	7.57381e-03	3.00194e-03	4.57187e-03
1868	4.91263e-02	4.60243e-02	5.22282e-02	5.15206e-02	4.68908e-02	5.61504e-02	4.83892e-02	4.54703e-02	5.13082e-02	7.75460e-03	3.07840e-03	4.67620e-03
1869	5.04621e-02	4.72863e-02	5.36380e-02	5.29014e-02	4.81547e-02	5.76480e-02	4.97142e-02	4.67311e-02	5.26973e-02	7.94239e-03	3.15810e-03	4.78428e-03
1870	5.16872e-02	4.84087e-02	5.49656e-02	5.41623e-02	4.92746e-02	5.90499e-02	5.09313e-02	4.78551e-02	5.40076e-02	8.13304e-03	3.23773e-03	4.89530e-03
1871	5.29195e-02	4.95489e-02	5.62901e-02	5.54200e-02	5.03977e-02	6.04423e-02	5.21612e-02	4.90063e-02	5.53162e-02	8.32801e-03	3.31885e-03	5.00916e-03
1872	5.39513e-02	5.03846e-02	5.75181e-02	5.63978e-02	5.10935e-02	6.17022e-02	5.32340e-02	4.99314e-02	5.65366e-02	8.52286e-03	3.39834e-03	5.12452e-03
1873	5.47988e-02	5.09661e-02	5.86315e-02	5.71926e-02	5.15329e-02	6.28524e-02	5.41225e-02	5.06037e-02	5.76414e-02	8.71485e-03	3.47466e-03	5.24019e-03
1874	5.57792e-02	5.18357e-02	5.97227e-02	5.82591e-02	5.24896e-02	6.40287e-02	5.50652e-02	5.14177e-02	5.87127e-02	8.90834e-03	3.55140e-03	5.35694e-03
1875	5.68983e-02	5.29292e-02	6.08675e-02	5.93933e-02	5.35747e-02	6.52118e-02	5.61825e-02	5.25164e-02	5.98485e-02	9.10746e-03	3.63189e-03	5.47558e-03
1876	5.77957e-02	5.36761e-02	6.19153e-02	6.02603e-02	5.42355e-02	6.62851e-02	5.71044e-02	5.33185e-02	6.08903e-02	9.30455e-03	3.70985e-03	5.59470e-03
1877	5.87687e-02	5.45472e-02	6.29902e-02	6.12778e-02	5.51155e-02	6.74402e-02	5.80652e-02	5.41839e-02	6.19464e-02	9.50321e-03	3.78848e-03	5.71473e-03
1878	5.98734e-02	5.55954e-02	6.41513e-02	6.24667e-02	5.62276e-02	6.87059e-02	5.91371e-02	5.51912e-02	6.30830e-02	9.70602e-03	3.86959e-03	5.83643e-03
1879	6.09941e-02	5.66157e-02	6.53725e-02	6.36007e-02	5.71962e-02	7.00052e-02	6.02652e-02	5.62445e-02	6.42858e-02	9.91278e-03	3.95294e-03	5.95984e-03
1880	6.17623e-02	5.70420e-02	6.64826e-02	6.42367e-02	5.73366e-02	7.11369e-02	6.11223e-02	5.68536e-02	6.53909e-02	1.01153e-02	4.03252e-03	6.08277e-03
1881	6.23608e-02	5.72557e-02	6.74658e-02	6.48137e-02	5.74176e-02	7.22097e-02	6.17526e-02	5.71522e-02	6.63530e-02	1.03114e-02	4.10718e-03	6.20420e-03
1882	6.31308e-02	5.77652e-02	6.84964e-02	6.55942e-02	5.78572e-02	7.33312e-02	6.25343e-02	5.77064e-02	6.73623e-02	1.05088e-02	4.18355e-03	6.32520e-03
1883	6.37382e-02	5.80516e-02	6.94249e-02	6.61301e-02	5.79632e-02	7.42971e-02	6.31951e-02	5.81081e-02	6.82821e-02	1.07026e-02	4.25775e-03	6.44486e-03
1884	6.44033e-02	5.84691e-02	7.03375e-02	6.68495e-02	5.83739e-02	7.53251e-02	6.38487e-02	5.85299e-02	6.91676e-02	1.08946e-02	4.33104e-03	6.56357e-03
1885	6.54125e-02	5.94013e-02	7.14237e-02	6.79912e-02	5.94206e-02	7.65618e-02	6.48038e-02	5.93890e-02	7.02185e-02	1.10931e-02	4.40967e-03	6.68346e-03
1886	6.65895e-02	6.05509e-02	7.26281e-02	6.92786e-02	6.06623e-02	7.78949e-02	6.59362e-02	6.04796e-02	7.13927e-02	1.12986e-02	4.49306e-03	6.80552e-03
1887	6.77672e-02	6.16347e-02	7.38997e-02	7.04958e-02	6.17196e-02	7.92721e-02	6.71100e-02	6.15805e-02	7.26396e-02	1.15090e-02	4.57927e-03	6.92968e-03
1888	6.86148e-02	6.21231e-02	7.51065e-02	7.12300e-02	6.19159e-02	8.05440e-02	6.80433e-02	6.22555e-02	7.38310e-02	1.17167e-02	4.66285e-03	7.05388e-03
1889	6.93174e-02	6.24416e-02	7.61931e-02	7.19473e-02	6.21573e-02	8.17374e-02	6.87580e-02	6.26235e-02	7.48926e-02	1.19194e-02	4.74217e-03	7.17721e-03
1890	7.01426e-02	6.29821e-02	7.73030e-02	7.27412e-02	6.25433e-02	8.29390e-02	6.96219e-02	6.32627e-02	7.59810e-02	1.21242e-02	4.82378e-03	7.30045e-03
1891	7.06042e-02	6.29382e-02	7.82701e-02	7.30854e-02	6.22098e-02	8.39611e-02	7.01695e-02	6.34038e-02	7.69352e-02	1.23212e-02	4.89977e-03	7.42143e-03
1892	7.11350e-02	6.31122e-02	7.91577e-02	7.36339e-02	6.23182e-02	8.49497e-02	7.07095e-02	6.36199e-02	7.77991e-02	1.25148e-02	4.97414e-03	7.54064e-03
1893	7.20496e-02	6.39196e-02	8.01796e-02	7.47169e-02	6.32915e-02	8.61424e-02	7.15511e-02	6.43212e-02	7.87809e-02	1.27137e-02	5.05321e-03	7.66048e-03
1894	7.32713e-02	6.51070e-02	8.14356e-02	7.60681e-02	6.45617e-02	8.75745e-02	7.27256e-02	6.54556e-02	7.99956e-02	1.29225e-02	5.13973e-03	7.78282e-03
1895	7.42666e-02	6.58077e-02	8.27254e-02	7.70128e-02	6.50573e-02	8.89683e-02	7.37743e-02	6.62874e-02	8.12611e-02	1.31327e-02	5.22651e-03	7.90622e-03
1896	7.49685e-02	6.60831e-02	8.38539e-02	7.76441e-02	6.51185e-02	9.01697e-02	7.45361e-02	6.66998e-02	8.23724e-02	1.33378e-02	5.30897e-03	8.02886e-03
1897	7.56594e-02	6.63858e-02	8.49330e-02	7.83328e-02	6.52841e-02	9.13814e-02	7.52553e-02	6.70902e-02	8.34204e-02	1.35408e-02	5.39011e-03	8.15069e-03
1898	7.62695e-02	6.65157e-02	8.60233e-02	7.88797e-02	6.51692e-02	9.25902e-02	7.59297e-02	6.73765e-02	8.44829e-02	1.37414e-02	5.47016e-03	8.27126e-03
1899	7.64267e-02	6.59365e-02	8.69169e-02	7.88021e-02	6.40693e-02	9.35349e-02	7.62473e-02	6.71302e-02	8.53645e-02	1.39312e-02	5.54329e-03	8.38792e-03
1900	7.61775e-02	6.48098e-02	8.75452e-02	7.83653e-02	6.24891e-02	9.42415e-02	7.61340e-02	6.62936e-02	8.59745e-02	1.41044e-02	5.60601e-03	8.49839e-03
1901	7.60592e-02	6.40190e-02	8.80994e-02	7.82118e-02	6.14843e-02	9.49393e-02	7.60673e-02	6.56396e-02	8.64950e-02	1.42695e-02	5.66581e-03	8.60368e-03
1902	7.61684e-02	6.36133e-02	8.87235e-02	7.83530e-02	6.09662e-02	9.57398e-02	7.61917e-02	6.53057e-02	8.70777e-02	1.44322e-02	5.72674e-03	8.70543e-03
1903	7.60721e-02	6.28144e-02	8.93298e-02	7.80605e-02	5.96793e-02	9.64417e-02	7.62402e-02	6.48188e-02	8.76615e-02	1.45883e-02	5.78566e-03	8.80260e-03
1904	7.57702e-02	6.17325e-02	8.98079e-02	7.77585e-02	5.83887e-02	9.71283e-02	7.59806e-02	6.38703e-02	8.80908e-02	1.47311e-02	5.83693e-03	8.89417e-03
1905	7.58907e-02	6.12809e-02	9.05006e-02	7.78909e-02	5.77303e-02	9.80515e-02	7.61401e-02	6.35509e-02	8.87294e-02	1.48766e-02	5.89371e-03	8.98290e-03
1906	7.56325e-02	6.01621e-02	9.11030e-02	7.74953e-02	5.61678e-02	9.88228e-02	7.60040e-02	6.27158e-02	8.92922e-02	1.50117e-02	5.94501e-03	9.06673e-03
1907	7.49733e-02	5.83434e-02	9.16032e-02	7.65645e-02	5.36073e-02	9.95218e-02	7.55586e-02	6.13714e-02	8.97457e-02	1.51324e-02	5.98898e-03	9.14343e-03
1908	7.48978e-02	5.75337e-02	9.22620e-02	7.69294e-02	5.31725e-02	1.00686e-01	7.53039e-02	6.03219e-02	9.02859e-02	1.52491e-02	6.03230e-03	9.21680e-03
1909	7.63693e-02	5.90511e-02	9.36876e-02	7.87857e-02	5.50284e-02	1.02543e-01	7.66166e-02	6.16229e-02	9.16104e-02	1.54012e-02	6.10485e-03	9.29630e-03
1910	7.71214e-02	5.91327e-02	9.51102e-02	7.94635e-02	5.47077e-02	1.04219e-01	7.74676e-02	6.19617e-02	9.29735e-02	1.55534e-02	6.17589e-03	9.37754e-03
1911	7.80074e-02	5.94679e-02	9.65469e-02	8.05392e-02	5.50816e-02	1.05997e-01	7.83013e-02	6.22723e-02	9.43303e-02	1.57097e-02	6.24853e-03	9.46116e-03
1912	7.91004e-02	6.01104e-02	9.80905e-02	8.16821e-02	5.55721e-02	1.07792e-01	7.94134e-02	6.30120e-02	9.58148e-02	1.58770e-02	6.32870e-03	9.54830e-03
1913	7.94917e-02	5.95596e-02	9.94239e-02	8.18542e-02	5.44072e-02	1.09301e-01	7.99804e-02	6.28537e-02	9.71070e-02	1.60364e-02	6.40173e-03	9.63464e-03
1914	8.09509e-02	6.09311e-02	1.00971e-01	8.40818e-02	5.67598e-02	1.11404e-01	8.10607e-02	6.35980e-02	9.85235e-02	1.62089e-02	6.48235e-03	9.72651e-03
1915	8.46140e-02	6.56373e-02	1.03591e-01	8.84934e-02	6.25047e-02	1.14482e-01	8.43380e-02	6.76401e-02	1.01036e-01	1.64451e-02	6.60815e-03	9.83695e-03
1916	8.67405e-02	6.74291e-02	1.06052e-01	9.01821e-02	6.34558e-02	1.16909e-01	8.67373e-02	6.99694e-02	1.03505e-01	1.66883e-02	6.73214e-03	9.95618e-03
1917	8.70794e-02	6.64804e-02	1.07678e-01	9.00729e-02	6.15892e-02	1.18557e-01	8.73671e-02	6.96076e-02	1.05127e-01	1.69003e-02	6.82732e-03	1.00729e-02
1918	8.79915e-02	6.67696e-02	1.09213e-01	9.12337e-02	6.20606e-02	1.20407e-01	8.81841e-02	6.97803e-02	1.06588e-01	1.71113e-02	6.92072e-03	1.01906e-02
1919	9.18513e-02	7.19385e-02	1.11764e-01	9.66192e-02	6.95059e-02	1.23733e-01	9.12253e-02	7.34939e-02	1.08957e-01	1.73799e-02	7.05320e-03	1.03267e-02
1920	9.72567e-02	7.87574e-02	1.15756e-01	1.02400e-01	7.67414e-02	1.28059e-01	9.64582e-02	8.00464e-02	1.12870e-01	1.77308e-02	7.24086e-03	1.04899e-02
1921	1.01748e-01	8.38479e-02	1.19647e-01	1.07687e-01	8.29606e-02	1.32412e-01	1.00534e-01	8.44152e-02	1.16653e-01	1.80977e-02	7.42387e-03	1.06739e-02
1922	1.08258e-01	9.19627e-02	1.24554e-01	1.14811e-01	9.19682e-02	1.37653e-01	1.06720e-01	9.19593e-02	1.21481e-01	1.85467e-02	7.65728e-03	1.08894e-02
1923	1.11040e-01	9.35130e-02	1.28568e-01	1.16445e-01	9.14923e-02	1.41398e-01	1.10182e-01	9.48049e-02	1.25559e-01	1.89725e-02	7.85950e-03	1.11130e-02
1924	1.11914e-01	9.25794e-02	1.31249e-01	1.16933e-01	8.97495e-02	1.44116e-01	1.11310e-01	9.43887e-02	1.28231e-01	1.93489e-02	8.01621e-03	1.13326e-02
1925	1.14315e-01	9.46344e-02	1.33995e-01	1.19668e-01	9.21727e-02	1.47162e-01	1.13557e-01	9.62082e-02	1.30907e-01	1.97414e-02	8.18417e-03	1.15573e-02
1926	1.17102e-01	9.72620e-02	1.36942e-01	1.22613e-01	9.49235e-02	1.50303e-01	1.16283e-01	9.87570e-02	1.33808e-01	2.01508e-02	8.36161e-03	1.17892e-02
1927	1.19235e-01	9.87971e-02	1.39672e-01	1.24418e-01	9.58075e-02	1.53029e-01	1.18624e-01	1.00708e-01	1.36539e-01	2.05596e-02	8.53542e-03	1.20242e-02
1928	1.20606e-01	9.93052e-02	1.41906e-01	1.25669e-01	9.59960e-02	1.55342e-01	1.20088e-01	1.01421e-01	1.38755e-01	2.09499e-02	8.69244e-03	1.22575e-02
1929	1.22045e-01	1.00058e-01	1.44033e-01	1.26873e-01	9.62257e-02	1.57520e-01	1.21689e-01	1.02508e-01	1.40869e-01	2.13386e-02	8.84905e-03	1.24896e-02
1930	1.24012e-01	1.01843e-01	1.46180e-01	1.29423e-01	9.87855e-02	1.60061e-01	1.23361e-01	1.03799e-01	1.42924e-01	2.17276e-02	9.00396e-03	1.27237e-02
1931	1.29745e-01	1.09683e-01	1.49807e-01	1.36759e-01	1.09136e-01	1.64383e-01	1.28211e-01	1.10033e-01	1.46389e-01	2.22002e-02	9.21816e-03	1.29820e-02
1932	1.38083e-01	1.21087e-01	1.55078e-01	1.46644e-01	1.23041e-01	1.70246e-01	1.35679e-01	1.19837e-01	1.51520e-01	2.27784e-02	9.49897e-03	1.32794e-02
1933	1.45896e-01	1.30746e-01	1.61046e-01	1.54576e-01	1.32946e-01	1.76205e-01	1.43414e-01	1.29339e-01	1.57490e-01	2.34240e-02	9.81281e-03	1.36112e-02
1934	1.49862e-01	1.33966e-01	1.65759e-01	1.57540e-01	1.34554e-01	1.80526e-01	1.47942e-01	1.33589e-01	1.62295e-01	2.40401e-02	1.00873e-02	1.39529e-02
1935	1.51423e-01	1.33778e-01	1.69069e-01	1.58203e-01	1.32840e-01	1.83566e-01	1.50023e-01	1.34378e-01	1.65668e-01	2.46044e-02	1.03151e-02	1.42892e-02
1936	1.51958e-01	1.32448e-01	1.71469e-01	1.58094e-01	1.30295e-01	1.85894e-01	1.50955e-01	1.33825e-01	1.68085e-01	2.51249e-02	1.05107e-02	1.46142e-02
1937	1.51767e-01	1.30248e-01	1.73286e-01	1.57243e-01	1.26809e-01	1.87678e-01	1.51179e-01	1.32447e-01	1.69910e-01	2.56050e-02	1.06811e-02	1.49239e-02
1938	1.52709e-01	1.30446e-01	1.74971e-01	1.58738e-01	1.27726e-01	1.89750e-01	1.51845e-01	1.32185e-01	1.71504e-01	2.60722e-02	1.08464e-02	1.52258e-02
1939	1.55673e-01	1.33712e-01	1.77634e-01	1.61977e-01	1.31246e-01	1.92708e-01	1.54693e-01	1.35289e-01	1.74098e-01	2.65810e-02	1.10487e-02	1.55323e-02
1940	1.56087e-01	1.32449e-01	1.79724e-01	1.61429e-01	1.28216e-01	1.94642e-01	1.55690e-01	1.35156e-01	1.76225e-01	2.70520e-02	1.12236e-02	1.58284e-02
1941	1.55096e-01	1.29359e-01	1.80833e-01	1.59891e-01	1.23987e-01	1.95795e-01	1.55058e-01	1.32793e-01	1.77323e-01	2.74671e-02	1.13612e-02	1.61059e-02
1942	1.54958e-01	1.27974e-01	1.81942e-01	1.59817e-01	1.22404e-01	1.97229e-01	1.54945e-01	1.31534e-01	1.78356e-01	2.78669e-02	1.14961e-02	1.63708e-02
1943	1.55752e-01	1.28058e-01	1.83445e-01	1.60845e-01	1.22558e-01	1.99133e-01	1.55670e-01	1.31575e-01	1.79765e-01	2.82701e-02	1.16409e-02	1.66291e-02
1944	1.57900e-01	1.30202e-01	1.85597e-01	1.63670e-01	1.25479e-01	2.01860e-01	1.57503e-01	1.33223e-01	1.81783e-01	2.86950e-02	1.18056e-02	1.68894e-02
1945	1.63408e-01	1.37631e-01	1.89184e-01	1.70989e-01	1.35636e-01	2.06341e-01	1.62033e-01	1.38907e-01	1.85160e-01	2.91963e-02	1.20248e-02	1.71715e-02
1946	1.71500e-01	1.48439e-01	1.94561e-01	1.80269e-01	1.48248e-01	2.12289e-01	1.69482e-01	1.48561e-01	1.90403e-01	2.98085e-02	1.23186e-02	1.74899e-02
1947	1.76266e-01	1.52927e-01	1.99604e-01	1.84087e-01	1.51067e-01	2.17107e-01	1.74807e-01	1.54116e-01	1.95498e-01	3.04257e-02	1.26022e-02	1.78236e-02
1948	1.77459e-01	1.51955e-01	2.02962e-01	1.84406e-01	1.48435e-01	2.20378e-01	1.76542e-01	1.54206e-01	1.98877e-01	3.09763e-02	1.28258e-02	1.81505e-02
1949	1.80107e-01	1.53965e-01	2.06250e-01	1.87664e-01	1.51144e-01	2.24184e-01	1.78905e-01	1.55768e-01	2.02043e-01	3.15290e-02	1.30499e-02	1.84791e-02
1950	1.83213e-01	1.56413e-01	2.10013e-01	1.90459e-01	1.52770e-01	2.28147e-01	1.82251e-01	1.58742e-01	2.05759e-01	3.21050e-02	1.32928e-02	1.88122e-02
1951	1.83580e-01	1.54416e-01	2.12743e-01	1.90009e-01	1.49126e-01	2.30892e-01	1.83142e-01	1.57798e-01	2.08486e-01	3.26264e-02	1.34929e-02	1.91335e-02
1952	1.84547e-01	1.53965e-01	2.15128e-01	1.91121e-01	1.48555e-01	2.33687e-01	1.84099e-01	1.57424e-01	2.10775e-01	3.31306e-02	1.36838e-02	1.94468e-02
1953	1.86922e-01	1.55724e-01	2.18119e-01	1.93918e-01	1.50575e-01	2.37261e-01	1.86323e-01	1.59016e-01	2.13629e-01	3.36540e-02	1.38931e-02	1.97609e-02
1954	1.90169e-01	1.58610e-01	2.21728e-01	1.97662e-01	1.53833e-01	2.41492e-01	1.89379e-01	1.61665e-01	2.17093e-01	3.42017e-02	1.41207e-02	2.00810e-02
1955	1.92698e-01	1.59891e-01	2.25506e-01	1.99749e-01	1.53930e-01	2.45568e-01	1.92251e-01	1.63702e-01	2.20800e-01	3.47553e-02	1.43526e-02	2.04027e-02
1956	1.92716e-01	1.57011e-01	2.28421e-01	1.98998e-01	1.49171e-01	2.48825e-01	1.92829e-01	1.62023e-01	2.23635e-01	3.52552e-02	1.45440e-02	2.07112e-02
1957	1.92868e-01	1.54540e-01	2.31197e-01	1.99102e-01	1.45861e-01	2.52344e-01	1.93163e-01	1.60089e-01	2.26236e-01	3.57286e-02	1.47209e-02	2.10076e-02
1958	1.94515e-01	1.54572e-01	2.34457e-01	2.01285e-01	1.46051e-01	2.56519e-01	1.94651e-01	1.60021e-01	2.29282e-01	3.62136e-02	1.49123e-02	2.13013e-02
1959	1.97040e-01	1.55783e-01	2.38298e-01	2.04033e-01	1.46933e-01	2.61134e-01	1.97191e-01	1.61441e-01	2.32942e-01	3.67232e-02	1.51254e-02	2.15978e-02
1960	1.98999e-01	1.55813e-01	2.42186e-01	2.06003e-01	1.46243e-01	2.65764e-01	1.99293e-01	1.61931e-01	2.36656e-01	3.72297e-02	1.53360e-02	2.18936e-02
1961	1.98351e-01	1.51534e-01	2.45168e-01	2.03729e-01	1.38740e-01	2.68718e-01	1.99679e-01	1.59713e-01	2.39644e-01	3.76922e-02	1.55185e-02	2.21737e-02
1962	1.94537e-01	1.43188e-01	2.45886e-01	1.99025e-01	1.28345e-01	2.69704e-01	1.96489e-01	1.52678e-01	2.40299e-01	3.80429e-02	1.56230e-02	2.24199e-02
1963	1.94182e-01	1.40863e-01	2.47500e-01	1.99505e-01	1.26451e-01	2.72560e-01	1.95850e-01	1.50077e-01	2.41622e-01	3.84048e-02	1.57511e-02	2.26538e-02
1964	1.95438e-01	1.40362e-01	2.50514e-01	2.01192e-01	1.25692e-01	2.76693e-01	1.97058e-01	1.49742e-01	2.44374e-01	3.87972e-02	1.59115e-02	2.28857e-02
1965	1.97287e-01	1.40469e-01	2.54106e-01	2.03612e-01	1.25770e-01	2.81454e-01	1.98779e-01	1.49867e-01	2.47691e-01	3.92062e-02	1.60868e-02	2.31194e-02
1966	2.00833e-01	1.42853e-01	2.58813e-01	2.08042e-01	1.28586e-01	2.87497e-01	2.02030e-01	1.51975e-01	2.52085e-01	3.96619e-02	1.62971e-02	2.33647e-02
1967	2.06761e-01	1.48610e-01	2.64912e-01	2.15611e-01	1.35982e-01	2.95239e-01	2.07240e-01	1.56683e-01	2.57798e-01	4.01912e-02	1.65558e-02	2.36353e-02
1968	2.14548e-01	1.56423e-01	2.72673e-01	2.24352e-01	1.44379e-01	3.04325e-01	2.14685e-01	1.64123e-01	2.65248e-01	4.08191e-02	1.68782e-02	2.39410e-02
1969	2.20790e-01	1.61184e-01	2.80397e-01	2.30826e-01	1.48603e-01	3.13050e-01	2.20983e-01	1.69227e-01	2.72738e-01	4.14764e-02	1.72052e-02	2.42712e-02
1970	2.26350e-01	1.64642e-01	2.88059e-01	2.36448e-01	1.51150e-01	3.21747e-01	2.26712e-01	1.73268e-01	2.80157e-01	4.21567e-02	1.75360e-02	2.46207e-02
1971	2.32495e-01	1.68992e-01	2.95999e-01	2.43576e-01	1.55977e-01	3.31174e-01	2.32530e-01	1.77313e-01	2.87748e-01	4.28683e-02	1.78764e-02	2.49919e-02
1972	2.41409e-01	1.77341e-01	3.05477e-01	2.53811e-01	1.65302e-01	3.42320e-01	2.40936e-01	1.85038e-01	2.96835e-01	4.36759e-02	1.82762e-02	2.53997e-02
1973	2.49513e-01	1.83635e-01	3.15391e-01	2.62034e-01	1.70727e-01	3.53341e-01	2.49188e-01	1.91888e-01	3.06489e-01	4.45353e-02	1.86972e-02	2.58381e-02
1974	2.57783e-01	1.90510e-01	3.25057e-01	2.71394e-01	1.78429e-01	3.64359e-01	2.57036e-01	1.98234e-01	3.15838e-01	4.54317e-02	1.91254e-02	2.63064e-02
1975	2.70277e-01	2.04176e-01	3.36378e-01	2.86050e-01	1.94742e-01	3.77358e-01	2.68486e-01	2.10207e-01	3.26766e-01	4.64621e-02	1.96346e-02	2.68275e-02
1976	2.82983e-01	2.17106e-01	3.48860e-01	2.99311e-01	2.07704e-01	3.90919e-01	2.81056e-01	2.23117e-01	3.38994e-01	4.75993e-02	2.01988e-02	2.74005e-02
1977	2.93615e-01	2.26296e-01	3.60933e-01	3.10348e-01	2.16635e-01	4.04061e-01	2.91645e-01	2.32473e-01	3.50816e-01	4.87653e-02	2.07544e-02	2.80109e-02
1978	3.06092e-01	2.38542e-01	3.73642e-01	3.24173e-01	2.30141e-01	4.18205e-01	3.03551e-01	2.43913e-01	3.63189e-01	5.00165e-02	2.13494e-02	2.86671e-02
1979	3.19507e-01	2.51856e-01	3.87158e-01	3.38508e-01	2.44105e-01	4.32911e-01	3.16619e-01	2.56812e-01	3.76425e-01	5.13615e-02	2.19891e-02	2.93724e-02
1980	3.32873e-01	2.65041e-01	4.00706e-01	3.52748e-01	2.58047e-01	4.47450e-01	3.29627e-01	2.69512e-01	3.89741e-01	5.27764e-02	2.26524e-02	3.01240e-02
1981	3.48467e-01	2.81990e-01	4.14943e-01	3.70167e-01	2.77387e-01	4.62948e-01	3.44308e-01	2.84934e-01	4.03682e-01	5.43001e-02	2.33679e-02	3.09323e-02
1982	3.67082e-01	3.03197e-01	4.30968e-01	3.90887e-01	3.01371e-01	4.80402e-01	3.61868e-01	3.04364e-01	4.19372e-01	5.59785e-02	2.41667e-02	3.18119e-02
1983	3.86359e-01	3.24600e-01	4.48118e-01	4.11451e-01	3.24418e-01	4.98484e-01	3.80510e-01	3.24716e-01	4.36304e-01	5.77897e-02	2.50267e-02	3.27630e-02
1984	4.04376e-01	3.43623e-01	4.65130e-01	4.30075e-01	3.43969e-01	5.16180e-01	3.98278e-01	3.43401e-01	4.53155e-01	5.96836e-02	2.59088e-02	3.37748e-02
1985	4.21552e-01	3.61014e-01	4.82090e-01	4.47895e-01	3.61839e-01	5.33951e-01	4.15206e-01	3.60486e-01	4.69925e-01	6.16415e-02	2.68026e-02	3.48389e-02
1986	4.39050e-01	3.78897e-01	4.99203e-01	4.66305e-01	3.80623e-01	5.51988e-01	4.32307e-01	3.77794e-01	4.86821e-01	6.36751e-02	2.77208e-02	3.59542e-02
1987	4.56527e-01	3.96425e-01	5.16629e-01	4.84399e-01	3.98496e-01	5.70301e-01	4.49570e-01	3.95101e-01	5.04039e-01	6.57822e-02	2.86646e-02	3.71177e-02
1988	4.73328e-01	4.12746e-01	5.33910e-01	5.01700e-01	4.15010e-01	5.88391e-01	4.66215e-01	4.11299e-01	5.21130e-01	6.79406e-02	2.96178e-02	3.83228e-02
1989	4.90195e-01	4.29470e-01	5.50920e-01	5.19141e-01	4.32236e-01	6.06046e-01	4.82846e-01	4.27702e-01	5.37990e-01	7.01553e-02	3.05880e-02	3.95673e-02
1990	5.07145e-01	4.46668e-01	5.67623e-01	5.36715e-01	4.50124e-01	6.23306e-01	4.99510e-01	4.44459e-01	5.54561e-01	7.24252e-02	3.15757e-02	4.08495e-02
1991	5.25335e-01	4.65864e-01	5.84807e-01	5.56200e-01	4.70944e-01	6.41455e-01	5.17067e-01	4.62615e-01	5.71519e-01	7.47705e-02	3.25965e-02	4.21741e-02
1992	5.44974e-01	4.87351e-01	6.02596e-01	5.76868e-01	4.94103e-01	6.59632e-01	5.36126e-01	4.83035e-01	5.89217e-01	7.72147e-02	3.36681e-02	4.35466e-02
1993	5.64165e-01	5.08603e-01	6.19726e-01	5.96747e-01	5.16645e-01	6.76850e-01	5.54894e-01	5.03462e-01	6.06327e-01	7.97235e-02	3.47615e-02	4.49620e-02
1994	5.84174e-01	5.30814e-01	6.37534e-01	6.17989e-01	5.40681e-01	6.95296e-01	5.74245e-01	5.24506e-01	6.23985e-01	8.23097e-02	3.58876e-02	4.64220e-02
1995	6.04894e-01	5.53721e-01	6.56068e-01	6.39585e-01	5.64979e-01	7.14191e-01	5.94479e-01	5.46523e-01	6.42435e-01	8.49834e-02	3.70555e-02	4.79280e-02
1996	6.24587e-01	5.75046e-01	6.74129e-01	6.59680e-01	5.87086e-01	7.32274e-01	6.13919e-01	5.67348e-01	6.60490e-01	8.77061e-02	3.82348e-02	4.94714e-02
1997	6.44506e-01	5.96442e-01	6.92570e-01	6.80599e-01	6.09730e-01	7.51468e-01	6.33350e-01	5.87945e-01	6.78755e-01	9.04834e-02	3.94325e-02	5.10509e-02
1998	6.65234e-01	6.18551e-01	7.11916e-01	7.02128e-01	6.32968e-01	7.71288e-01	6.53662e-01	6.09334e-01	6.97989e-01	9.33357e-02	4.06672e-02	5.26686e-02
1999	6.85865e-01	6.41313e-01	7.30418e-01	7.23552e-01	6.57391e-01	7.89712e-01	6.73772e-01	6.31034e-01	7.16509e-01	9.62422e-02	4.19207e-02	5.43215e-02
2000	7.06072e-01	6.63582e-01	7.48561e-01	7.43901e-01	6.80215e-01	8.07587e-01	6.93832e-01	6.52949e-01	7.34715e-01	9.91999e-02	4.31949e-02	5.60049e-02
2001	7.23356e-01	6.81072e-01	7.65641e-01	7.60623e-01	6.96957e-01	8.24288e-01	7.11400e-01	6.70915e-01	7.51884e-01	1.02141e-01	4.44401e-02	5.77009e-02
2002	7.40013e-01	6.97885e-01	7.82140e-01	7.77505e-01	7.14070e-01	8.40940e-01	7.27943e-01	6.87538e-01	7.68347e-01	1.05073e-01	4.56689e-02	5.94044e-02
2003	7.56231e-01	7.13791e-01	7.98672e-01	7.93365e-01	7.29237e-01	8.57492e-01	7.44395e-01	7.03916e-01	7.84874e-01	1.08013e-01	4.69002e-02	6.11125e-02
2004	7.69221e-01	7.24532e-01	8.13911e-01	8.05294e-01	7.37933e-01	8.72655e-01	7.58047e-01	7.15963e-01	8.00131e-01	1.10890e-01	4.80827e-02	6.28069e-02
2005	7.80421e-01	7.32821e-01	8.28022e-01	8.15614e-01	7.44387e-01	8.86842e-01	7.69826e-01	7.25427e-01	8.14224e-01	1.13699e-01	4.92204e-02	6.44783e-02
2006	7.91799e-01	7.42149e-01	8.41449e-01	8.27050e-01	7.53370e-01	9.00730e-01	7.81259e-01	7.34975e-01	8.27544e-01	1.16466e-01	5.03373e-02	6.61285e-02
2007	8.05750e-01	7.55820e-01	8.55679e-01	8.41942e-01	7.68103e-01	9.15781e-01	7.94774e-01	7.47967e-01	8.41581e-01	1.19257e-01	5.14851e-02	6.77721e-02
2008	8.21995e-01	7.73028e-01	8.70962e-01	8.59385e-01	7.86937e-01	9.31834e-01	8.10410e-01	7.64136e-01	8.56683e-01	1.22102e-01	5.26800e-02	6.94217e-02
2009	8.40625e-01	7.93889e-01	8.87360e-01	8.79614e-01	8.10222e-01	9.49005e-01	8.28174e-01	7.83447e-01	8.72901e-01	1.25022e-01	5.39326e-02	7.10895e-02
2010	8.60966e-01	8.16772e-01	9.05160e-01	9.01291e-01	8.34988e-01	9.67594e-01	8.47820e-01	8.05126e-01	8.90515e-01	1.28031e-01	5.52475e-02	7.27834e-02
2011	8.80437e-01	8.37293e-01	9.23581e-01	9.21178e-01	8.55836e-01	9.86519e-01	8.67128e-01	8.25438e-01	9.08818e-01	1.31084e-01	5.65872e-02	7.44971e-02
2012	8.99282e-01	8.56723e-01	9.41842e-01	9.40720e-01	8.76072e-01	1.00537e+00	8.85646e-01	8.44352e-01	9.26941e-01	1.34159e-01	5.79337e-02	7.62256e-02
2013	9.19051e-01	8.77590e-01	9.60511e-01	9.61288e-01	8.97985e-01	1.02459e+00	9.05015e-01	8.64550e-01	9.45480e-01	1.37286e-01	5.93135e-02	7.79725e-02
2014	9.38727e-01	8.98143e-01	9.79311e-01	9.81661e-01	9.19373e-01	1.04395e+00	9.24359e-01	8.84570e-01	9.64149e-01	1.40449e-01	6.07132e-02	7.97358e-02
2015	9.62947e-01	9.26077e-01	9.99816e-01	1.00919e+00	9.52349e-01	1.06603e+00	9.46782e-01	9.09280e-01	9.84284e-01	1.43725e-01	6.21872e-02	8.15377e-02
2016	9.93067e-01	9.62404e-01	1.02373e+00	1.04206e+00	9.93093e-01	1.09103e+00	9.75363e-01	9.42783e-01	1.00794e+00	1.47225e-01	6.38184e-02	8.34063e-02
2017	1.02110e+00	9.94248e-01	1.04795e+00	1.07104e+00	1.02662e+00	1.11547e+00	1.00283e+00	9.73550e-01	1.03211e+00	1.50818e-01	6.54908e-02	8.53268e-02
2018	1.04836e+00	1.02474e+00	1.07199e+00	1.09933e+00	1.05892e+00	1.13973e+00	1.02949e+00	1.00288e+00	1.05610e+00	1.54482e-01	6.71902e-02	8.72915e-02
2019	1.07547e+00	1.05491e+00	1.09604e+00	1.12743e+00	1.09091e+00	1.16396e+00	1.05600e+00	1.03189e+00	1.08010e+00	1.58216e-01	6.89202e-02	8.92960e-02
2020	1.10257e+00	1.08501e+00	1.12014e+00	1.15550e+00	1.12279e+00	1.18821e+00	1.08251e+00	1.06085e+00	1.10417e+00	1.62018e-01	7.06805e-02	9.13372e-02
2021	1.12848e+00	1.11299e+00	1.14397e+00	1.18158e+00	1.15126e+00	1.21190e+00	1.10828e+00	1.08852e+00	1.12803e+00	1.65862e-01	7.24560e-02	9.34062e-02
2022	1.15170e+00	1.13678e+00	1.16662e+00	1.20447e+00	1.17469e+00	1.23425e+00	1.13165e+00	1.11255e+00	1.15075e+00	1.69694e-01	7.42074e-02	9.54870e-02
2023	1.17347e+00	1.15874e+00	1.18819e+00	1.22603e+00	1.19645e+00	1.25561e+00	1.15351e+00	1.13464e+00	1.17238e+00	1.73509e-01	7.59385e-02	9.75707e-02
2024	1.19434e+00	1.17971e+00	1.20897e+00	1.24677e+00	1.21730e+00	1.27625e+00	1.17443e+00	1.15567e+00	1.19319e+00	1.77308e-01	7.76560e-02	9.96519e-02
2025	1.21457e+00	1.20000e+00	1.22914e+00	1.26693e+00	1.23753e+00	1.29632e+00	1.19470e+00	1.17601e+00	1.21338e+00	1.81091e-01	7.93637e-02	1.01727e-01
2026	1.23430e+00	1.21978e+00	1.24881e+00	1.28661e+00	1.25729e+00	1.31593e+00	1.21444e+00	1.19580e+00	1.23307e+00	1.84857e-01	8.10642e-02	1.03793e-01
2027	1.25361e+00	1.23915e+00	1.26807e+00	1.30591e+00	1.27667e+00	1.33515e+00	1.23375e+00	1.21517e+00	1.25233e+00	1.88608e-01	8.27593e-02	1.05848e-01
2028	1.27258e+00	1.25818e+00	1.28697e+00	1.32489e+00	1.29572e+00	1.35405e+00	1.25271e+00	1.23418e+00	1.27124e+00	1.92342e-01	8.44504e-02	1.07891e-01
2029	1.29124e+00	1.27692e+00	1.30557e+00	1.34358e+00	1.31451e+00	1.37266e+00	1.27136e+00	1.25288e+00	1.28983e+00	1.96059e-01	8.61388e-02	1.09920e-01
2030	1.30965e+00	1.29540e+00	1.32390e+00	1.36204e+00	1.33306e+00	1.39102e+00	1.28974e+00	1.27132e+00	1.30816e+00	1.99760e-01	8.78254e-02	1.11935e-01
2031	1.32816e+00	1.31422e+00	1.34209e+00	1.38081e+00	1.35230e+00	1.40932e+00	1.30810e+00	1.28988e+00	1.32632e+00	2.03450e-01	8.95149e-02	1.13936e-01
2032	1.34716e+00	1.33394e+00	1.36038e+00	1.40019e+00	1.37264e+00	1.42774e+00	1.32688e+00	1.30919e+00	1.34457e+00	2.07143e-01	9.12176e-02	1.15925e-01
2033	1.36629e+00	1.35388e+00	1.37871e+00	1.41965e+00	1.39314e+00	1.44616e+00	1.34583e+00	1.32877e+00	1.36289e+00	2.10837e-01	9.29319e-02	1.17906e-01
2034	1.38541e+00	1.37381e+00	1.39701e+00	1.43905e+00	1.41359e+00	1.46451e+00	1.36477e+00	1.34838e+00	1.38117e+00	2.14531e-01	9.46552e-02	1.19876e-01
2035	1.40444e+00	1.39366e+00	1.41522e+00	1.45834e+00	1.43393e+00	1.48275e+00	1.38364e+00	1.36791e+00	1.39938e+00	2.18222e-01	9.63860e-02	1.21836e-01
2036	1.42335e+00	1.41339e+00	1.43332e+00	1.47749e+00	1.45413e+00	1.50086e+00	1.40241e+00	1.38734e+00	1.41748e+00	2.21909e-01	9.81232e-02	1.23786e-01
2037	1.44213e+00	1.43297e+00	1.45130e+00	1.49649e+00	1.47416e+00	1.51882e+00	1.42105e+00	1.40664e+00	1.43546e+00	2.25591e-01	9.98661e-02	1.25725e-01
2038	1.46077e+00	1.45241e+00	1.46914e+00	1.51533e+00	1.49403e+00	1.53663e+00	1.43955e+00	1.42579e+00	1.45331e+00	2.29267e-01	1.01614e-01	1.27653e-01
2039	1.47926e+00	1.47169e+00	1.48684e+00	1.53401e+00	1.51373e+00	1.55428e+00	1.45791e+00	1.44481e+00	1.47102e+00	2.32936e-01	1.03366e-01	1.29570e-01
2040	1.49760e+00	1.49081e+00	1.50440e+00	1.55252e+00	1.53326e+00	1.57178e+00	1.47613e+00	1.46367e+00	1.48859e+00	2.36597e-01	1.05123e-01	1.31474e-01
2041	1.51582e+00	1.50983e+00	1.52182e+00	1.57092e+00	1.55270e+00	1.58914e+00	1.49422e+00	1.48242e+00	1.50603e+00	2.40250e-01	1.06883e-01	1.33367e-01
2042	1.53394e+00	1.52877e+00	1.53911e+00	1.58921e+00	1.57207e+00	1.60636e+00	1.51221e+00	1.50108e+00	1.52334e+00	2.43896e-01	1.08648e-01	1.35248e-01
2043	1.55191e+00	1.54756e+00	1.55626e+00	1.60734e+00	1.59126e+00	1.62341e+00	1.53006e+00	1.51961e+00	1.54051e+00	2.47532e-01	1.10417e-01	1.37116e-01
2044	1.56971e+00	1.56617e+00	1.57324e+00	1.62527e+00	1.61027e+00	1.64028e+00	1.54775e+00	1.53798e+00	1.55752e+00	2.51159e-01	1.12188e-01	1.38972e-01
2045	1.58733e+00	1.58460e+00	1.59006e+00	1.64302e+00	1.62907e+00	1.65696e+00	1.56527e+00	1.55617e+00	1.57436e+00	2.54776e-01	1.13961e-01	1.40814e-01
2046	1.60477e+00	1.60284e+00	1.60670e+00	1.66057e+00	1.64767e+00	1.67346e+00	1.58261e+00	1.57418e+00	1.59104e+00	2.58380e-01	1.15737e-01	1.42644e-01
2047	1.62204e+00	1.62090e+00	1.62317e+00	1.67793e+00	1.66608e+00	1.68978e+00	1.59978e+00	1.59202e+00	1.60754e+00	2.61973e-01	1.17514e-01	1.44459e-01
2048	1.63912e+00	1.63877e+00	1.63947e+00	1.69510e+00	1.68429e+00	1.70591e+00	1.61678e+00	1.60967e+00	1.62388e+00	2.65553e-01	1.19291e-01	1.46262e-01
2049	1.65603e+00	1.65646e+00	1.65559e+00	1.71209e+00	1.70231e+00	1.72187e+00	1.63360e+00	1.62715e+00	1.64004e+00	2.69120e-01	1.21070e-01	1.48050e-01
2050	1.67276e+00	1.67397e+00	1.67155e+00	1.72889e+00	1.72014e+00	1.73765e+00	1.65025e+00	1.64445e+00	1.65604e+00	2.72673e-01	1.22850e-01	1.49824e-01
2051	1.68912e+00	1.69097e+00	1.68727e+00	1.74519e+00	1.73725e+00	1.75313e+00	1.66660e+00	1.66138e+00	1.67182e+00	2.76210e-01	1.24627e-01	1.51583e-01
2052	1.70485e+00	1.70711e+00	1.70260e+00	1.76078e+00	1.75337e+00	1.76819e+00	1.68237e+00	1.67754e+00	1.68721e+00	2.79721e-01	1.26396e-01	1.53325e-01
2053	1.72014e+00	1.72274e+00	1.71754e+00	1.77592e+00	1.76898e+00	1.78286e+00	1.69770e+00	1.69318e+00	1.70222e+00	2.83205e-01	1.28156e-01	1.55049e-01
2054	1.73507e+00	1.73799e+00	1.73214e+00	1.79071e+00	1.78422e+00	1.79719e+00	1.71266e+00	1.70843e+00	1.71688e+00	2.86662e-01	1.29908e-01	1.56753e-01
2055	1.74966e+00	1.75290e+00	1.74642e+00	1.80516e+00	1.79912e+00	1.81120e+00	1.72729e+00	1.72335e+00	1.73123e+00	2.90092e-01	1.31653e-01	1.58439e-01
2056	1.76396e+00	1.76751e+00	1.76041e+00	1.81932e+00	1.81371e+00	1.82492e+00	1.74162e+00	1.73796e+00	1.74528e+00	2.93496e-01	1.33391e-01	1.60105e-01
2057	1.77796e+00	1.78182e+00	1.77411e+00	1.83318e+00	1.82801e+00	1.83835e+00	1.75566e+00	1.75228e+00	1.75904e+00	2.96873e-01	1.35121e-01	1.61752e-01
2058	1.79170e+00	1.79585e+00	1.78754e+00	1.84676e+00	1.84203e+00	1.85150e+00	1.76943e+00	1.76633e+00	1.77254e+00	3.00222e-01	1.36844e-01	1.63378e-01
2059	1.80516e+00	1.80962e+00	1.80071e+00	1.86008e+00	1.85578e+00	1.86439e+00	1.78294e+00	1.78011e+00	1.78577e+00	3.03545e-01	1.38560e-01	1.64985e-01
2060	1.81838e+00	1.82313e+00	1.81362e+00	1.87315e+00	1.86927e+00	1.87702e+00	1.79619e+00	1.79363e+00	1.79875e+00	3.06841e-01	1.40269e-01	1.66573e-01
2061	1.83123e+00	1.83620e+00	1.82625e+00	1.88577e+00	1.88220e+00	1.88934e+00	1.80912e+00	1.80679e+00	1.81146e+00	3.10109e-01	1.41969e-01	1.68140e-01
2062	1.84358e+00	1.84865e+00	1.83851e+00	1.89785e+00	1.89443e+00	1.90127e+00	1.82158e+00	1.81937e+00	1.82379e+00	3.13344e-01	1.43657e-01	1.69686e-01
2063	1.85556e+00	1.86069e+00	1.85043e+00	1.90957e+00	1.90628e+00	1.91286e+00	1.83366e+00	1.83154e+00	1.83578e+00	3.16545e-01	1.45334e-01	1.71211e-01
2064	1.86722e+00	1.87241e+00	1.86203e+00	1.92098e+00	1.91781e+00	1.92415e+00	1.84542e+00	1.84338e+00	1.84746e+00	3.19714e-01	1.46999e-01	1.72715e-01
2065	1.87859e+00	1.88384e+00	1.87335e+00	1.93211e+00	1.92906e+00	1.93515e+00	1.85689e+00	1.85493e+00	1.85885e+00	3.22852e-01	1.48654e-01	1.74198e-01
2066	1.88970e+00	1.89500e+00	1.88440e+00	1.94297e+00	1.94004e+00	1.94589e+00	1.86809e+00	1.86620e+00	1.86997e+00	3.25958e-01	1.50298e-01	1.75659e-01
2067	1.90054e+00	1.90590e+00	1.89518e+00	1.95357e+00	1.95076e+00	1.95637e+00	1.87903e+00	1.87722e+00	1.88083e+00	3.29033e-01	1.51933e-01	1.77100e-01
2068	1.91114e+00	1.91655e+00	1.90572e+00	1.96392e+00	1.96124e+00	1.96660e+00	1.88971e+00	1.88798e+00	1.89144e+00	3.32078e-01	1.53557e-01	1.78521e-01
2069	1.92149e+00	1.92697e+00	1.91602e+00	1.97403e+00	1.97148e+00	1.97659e+00	1.90016e+00	1.89851e+00	1.90181e+00	3.35093e-01	1.55172e-01	1.79921e-01
2070	1.93161e+00	1.93714e+00	1.92608e+00	1.98391e+00	1.98147e+00	1.98634e+00	1.91037e+00	1.90879e+00	1.91194e+00	3.38078e-01	1.56776e-01	1.81302e-01
2071	1.94147e+00	1.94706e+00	1.93589e+00	1.99352e+00	1.99120e+00	1.99584e+00	1.92033e+00	1.91883e+00	1.92183e+00	3.41034e-01	1.58371e-01	1.82663e-01
2072	1.95106e+00	1.95667e+00	1.94544e+00	2.00283e+00	2.00060e+00	2.00506e+00	1.93002e+00	1.92859e+00	1.93146e+00	3.43960e-01	1.59955e-01	1.84004e-01
2073	1.96033e+00	1.96596e+00	1.95470e+00	2.01180e+00	2.00966e+00	2.01395e+00	1.93941e+00	1.93803e+00	1.94080e+00	3.46854e-01	1.61528e-01	1.85326e-01
2074	1.96929e+00	1.97493e+00	1.96364e+00	2.02045e+00	2.01837e+00	2.02252e+00	1.94850e+00	1.94716e+00	1.94983e+00	3.49717e-01	1.63088e-01	1.86629e-01
2075	1.97792e+00	1.98357e+00	1.97227e+00	2.02876e+00	2.02675e+00	2.03076e+00	1.95726e+00	1.95597e+00	1.95855e+00	3.52548e-01	1.64636e-01	1.87912e-01
2076	1.98623e+00	1.99188e+00	1.98058e+00	2.03672e+00	2.03478e+00	2.03867e+00	1.96571e+00	1.96446e+00	1.96695e+00	3.55346e-01	1.66170e-01	1.89176e-01
2077	1.99421e+00	1.99985e+00	1.98857e+00	2.04435e+00	2.04246e+00	2.04624e+00	1.97383e+00	1.97261e+00	1.97504e+00	3.58111e-01	1.67690e-01	1.90420e-01
2078	2.00186e+00	2.00749e+00	1.99623e+00	2.05163e+00	2.04979e+00	2.05347e+00	1.98163e+00	1.98045e+00	1.98280e+00	3.60842e-01	1.69197e-01	1.91645e-01
2079	2.00918e+00	2.01479e+00	2.00357e+00	2.05857e+00	2.05678e+00	2.06037e+00	1.98910e+00	1.98795e+00	1.99025e+00	3.63538e-01	1.70689e-01	1.92850e-01
2080	2.01617e+00	2.02176e+00	2.01058e+00	2.06517e+00	2.06342e+00	2.06692e+00	1.99625e+00	1.99512e+00	1.99737e+00	3.66201e-01	1.72166e-01	1.94035e-01
2081	2.02289e+00	2.02850e+00	2.01729e+00	2.07153e+00	2.06989e+00	2.07318e+00	2.00311e+00	2.00204e+00	2.00418e+00	3.68830e-01	1.73629e-01	1.95201e-01
2082	2.02941e+00	2.03510e+00	2.02373e+00	2.07770e+00	2.07625e+00	2.07916e+00	2.00976e+00	2.00880e+00	2.01072e+00	3.71426e-01	1.75078e-01	1.96348e-01
2083	2.03568e+00	2.04146e+00	2.02989e+00	2.08360e+00	2.08234e+00	2.08485e+00	2.01616e+00	2.01532e+00	2.01700e+00	3.73991e-01	1.76515e-01	1.97477e-01
2084	2.04165e+00	2.04753e+00	2.03576e+00	2.08918e+00	2.08813e+00	2.09023e+00	2.02228e+00	2.02157e+00	2.02299e+00	3.76523e-01	1.77937e-01	1.98587e-01
2085	2.04731e+00	2.05329e+00	2.04134e+00	2.09444e+00	2.09360e+00	2.09529e+00	2.02810e+00	2.02751e+00	2.02868e+00	3.79022e-01	1.79344e-01	1.99678e-01
2086	2.05266e+00	2.05873e+00	2.04660e+00	2.09938e+00	2.09873e+00	2.10003e+00	2.03361e+00	2.03315e+00	2.03407e+00	3.81488e-01	1.80736e-01	2.00752e-01
2087	2.05770e+00	2.06385e+00	2.05155e+00	2.10399e+00	2.10354e+00	2.10444e+00	2.03881e+00	2.03847e+00	2.03914e+00	3.83919e-01	1.82112e-01	2.01806e-01
2088	2.06241e+00	2.06864e+00	2.05617e+00	2.10826e+00	2.10800e+00	2.10852e+00	2.04369e+00	2.04348e+00	2.04390e+00	3.86315e-01	1.83472e-01	2.02843e-01
2089	2.06679e+00	2.07310e+00	2.06048e+00	2.11219e+00	2.11212e+00	2.11226e+00	2.04824e+00	2.04815e+00	2.04833e+00	3.88676e-01	1.84815e-01	2.03861e-01
2090	2.07084e+00	2.07722e+00	2.06446e+00	2.11578e+00	2.11589e+00	2.11567e+00	2.05247e+00	2.05250e+00	2.05245e+00	3.91002e-01	1.86141e-01	2.04860e-01
2091	2.07450e+00	2.08089e+00	2.06811e+00	2.11893e+00	2.11913e+00	2.11873e+00	2.05634e+00	2.05645e+00	2.05623e+00	3.93290e-01	1.87449e-01	2.05841e-01
2092	2.07772e+00	2.08402e+00	2.07141e+00	2.12162e+00	2.12178e+00	2.12145e+00	2.05978e+00	2.05988e+00	2.05967e+00	3.95540e-01	1.88738e-01	2.06802e-01
2093	2.08058e+00	2.08678e+00	2.07438e+00	2.12397e+00	2.12408e+00	2.12386e+00	2.06286e+00	2.06294e+00	2.06278e+00	3.97750e-01	1.90006e-01	2.07744e-01
2094	2.08314e+00	2.08923e+00	2.07706e+00	2.12603e+00	2.12608e+00	2.12598e+00	2.06563e+00	2.06567e+00	2.06558e+00	3.99923e-01	1.91256e-01	2.08667e-01
2095	2.08542e+00	2.09139e+00	2.07945e+00	2.12780e+00	2.12780e+00	2.12781e+00	2.06811e+00	2.06812e+00	2.06810e+00	4.02059e-01	1.92488e-01	2.09571e-01
2096	2.08742e+00	2.09328e+00	2.08156e+00	2.12931e+00	2.12925e+00	2.12938e+00	2.07032e+00	2.07029e+00	2.07035e+00	4.04158e-01	1.93702e-01	2.10456e-01
2097	2.08916e+00	2.09491e+00	2.08341e+00	2.13056e+00	2.13044e+00	2.13068e+00	2.07226e+00	2.07220e+00	2.07232e+00	4.06220e-01	1.94898e-01	2.11322e-01
2098	2.09064e+00	2.09628e+00	2.08500e+00	2.13155e+00	2.13138e+00	2.13173e+00	2.07395e+00	2.07385e+00	2.07404e+00	4.08247e-01	1.96077e-01	2.12171e-01
2099	2.09187e+00	2.09740e+00	2.08634e+00	2.13229e+00	2.13206e+00	2.13252e+00	2.07538e+00	2.07524e+00	2.07551e+00	4.10239e-01	1.97238e-01	2.13001e-01
2100	2.09285e+00	2.09827e+00	2.08743e+00	2.13278e+00	2.13250e+00	2.13307e+00	2.07656e+00	2.07639e+00	2.07672e+00	4.12195e-01	1.98382e-01	2.13814e-01
