0.185746 	0.185746 	0.185746 	0.185746 	0.185746 	0.185746 	0.185746 	0.185746 	0.185746 	0.185746 	0.185746 	0.185746 	 
0.185757 	0.185757 	0.185757 	0.185757 	0.185757 	0.185757 	0.185757 	0.185757 	0.185757 	0.185757 	0.185757 	0.185757 	 
0.185760 	0.185760 	0.185760 	0.185760 	0.185760 	0.185760 	0.185760 	0.185760 	0.185760 	0.185760 	0.185760 	0.185760 	 
0.185762 	0.185762 	0.185762 	0.185762 	0.185762 	0.185762 	0.185762 	0.185762 	0.185762 	0.185762 	0.185762 	0.185762 	 
0.185762 	0.185762 	0.185762 	0.185762 	0.185762 	0.185762 	0.185762 	0.185762 	0.185762 	0.185762 	0.185762 	0.185762 	 
0.161491 	0.161491 	0.161491 	0.161491 	0.161491 	0.161491 	0.161491 	0.161491 	0.161491 	0.161491 	0.161491 	0.161491 	 
-0.064140 	-0.064140 	-0.064140 	-0.064140 	-0.064140 	-0.064140 	-0.064140 	-0.064140 	-0.064140 	-0.064140 	-0.064140 	-0.064140 	 
0.065481 	0.065481 	0.065481 	0.065481 	0.065481 	0.065481 	0.065481 	0.065481 	0.065481 	0.065481 	0.065481 	0.065481 	 
0.143707 	0.143707 	0.143707 	0.143707 	0.143707 	0.143707 	0.143707 	0.143707 	0.143707 	0.143707 	0.143707 	0.143707 	 
0.171560 	0.171560 	0.171560 	0.171560 	0.171560 	0.171560 	0.171560 	0.171560 	0.171560 	0.171560 	0.171560 	0.171560 	 
0.180988 	0.180988 	0.180988 	0.180988 	0.180988 	0.180988 	0.180988 	0.180988 	0.180988 	0.180988 	0.180988 	0.180988 	 
0.184159 	0.184159 	0.184159 	0.184159 	0.184159 	0.184159 	0.184159 	0.184159 	0.184159 	0.184159 	0.184159 	0.184159 	 
-0.719879 	-0.719879 	-0.719879 	-0.719879 	-0.719879 	-0.719879 	-0.719879 	-0.719879 	-0.719879 	-0.719879 	-0.719879 	-0.719879 	 
-0.439960 	-0.439960 	-0.439960 	-0.439960 	-0.439960 	-0.439960 	-0.439960 	-0.439960 	-0.439960 	-0.439960 	-0.439960 	-0.439960 	 
-0.039047 	-0.039047 	-0.039047 	-0.039047 	-0.039047 	-0.039047 	-0.039047 	-0.039047 	-0.039047 	-0.039047 	-0.039047 	-0.039047 	 
0.109582 	0.109582 	0.109582 	0.109582 	0.109582 	0.109582 	0.109582 	0.109582 	0.109582 	0.109582 	0.109582 	0.109582 	 
-0.178488 	-0.178488 	-0.178488 	-0.178488 	-0.178488 	-0.178488 	-0.178488 	-0.178488 	-0.178488 	-0.178488 	-0.178488 	-0.178488 	 
-0.230040 	-0.230040 	-0.230040 	-0.230040 	-0.230040 	-0.230040 	-0.230040 	-0.230040 	-0.230040 	-0.230040 	-0.230040 	-0.230040 	 
0.029544 	0.029544 	0.029544 	0.029544 	0.029544 	0.029544 	0.029544 	0.029544 	0.029544 	0.029544 	0.029544 	0.029544 	 
0.132535 	0.132535 	0.132535 	0.132535 	0.132535 	0.132535 	0.132535 	0.132535 	0.132535 	0.132535 	0.132535 	0.132535 	 
0.036362 	0.036362 	0.036362 	0.036362 	0.036362 	0.036362 	0.036362 	0.036362 	0.036362 	0.036362 	0.036362 	0.036362 	 
0.088893 	0.088893 	0.088893 	0.088893 	0.088893 	0.088893 	0.088893 	0.088893 	0.088893 	0.088893 	0.088893 	0.088893 	 
0.151101 	0.151101 	0.151101 	0.151101 	0.151101 	0.151101 	0.151101 	0.151101 	0.151101 	0.151101 	0.151101 	0.151101 	 
0.174023 	0.174023 	0.174023 	0.174023 	0.174023 	0.174023 	0.174023 	0.174023 	0.174023 	0.174023 	0.174023 	0.174023 	 
0.181814 	0.181814 	0.181814 	0.181814 	0.181814 	0.181814 	0.181814 	0.181814 	0.181814 	0.181814 	0.181814 	0.181814 	 
0.184436 	0.184436 	0.184436 	0.184436 	0.184436 	0.184436 	0.184436 	0.184436 	0.184436 	0.184436 	0.184436 	0.184436 	 
0.185317 	0.185317 	0.185317 	0.185317 	0.185317 	0.185317 	0.185317 	0.185317 	0.185317 	0.185317 	0.185317 	0.185317 	 
0.185613 	0.185613 	0.185613 	0.185613 	0.185613 	0.185613 	0.185613 	0.185613 	0.185613 	0.185613 	0.185613 	0.185613 	 
0.185712 	0.185712 	0.185712 	0.185712 	0.185712 	0.185712 	0.185712 	0.185712 	0.185712 	0.185712 	0.185712 	0.185712 	 
0.185745 	0.185745 	0.185745 	0.185745 	0.185745 	0.185745 	0.185745 	0.185745 	0.185745 	0.185745 	0.185745 	0.185745 	 
0.185757 	0.185757 	0.185757 	0.185757 	0.185757 	0.185757 	0.185757 	0.185757 	0.185757 	0.185757 	0.185757 	0.185757 	 
0.185760 	0.185760 	0.185760 	0.185760 	0.185760 	0.185760 	0.185760 	0.185760 	0.185760 	0.185760 	0.185760 	0.185760 	 
0.185762 	0.185762 	0.185762 	0.185762 	0.185762 	0.185762 	0.185762 	0.185762 	0.185762 	0.185762 	0.185762 	0.185762 	 
-1.607111 	-1.607111 	-1.607111 	-1.607111 	-1.607111 	-1.607111 	-1.607111 	-1.607111 	-1.607111 	-1.607111 	-1.607111 	-1.607111 	 
-3.487550 	-3.487550 	-3.487550 	-3.487550 	-3.487550 	-3.487550 	-3.487550 	-3.487550 	-3.487550 	-3.487550 	-3.487550 	-3.487550 	 
-1.322721 	-1.322721 	-1.322721 	-1.322721 	-1.322721 	-1.322721 	-1.322721 	-1.322721 	-1.322721 	-1.322721 	-1.322721 	-1.322721 	 
-0.487258 	-0.487258 	-0.487258 	-0.487258 	-0.487258 	-0.487258 	-0.487258 	-0.487258 	-0.487258 	-0.487258 	-0.487258 	-0.487258 	 
-0.096138 	-0.096138 	-0.096138 	-0.096138 	-0.096138 	-0.096138 	-0.096138 	-0.096138 	-0.096138 	-0.096138 	-0.096138 	-0.096138 	 
0.088531 	0.088531 	0.088531 	0.088531 	0.088531 	0.088531 	0.088531 	0.088531 	0.088531 	0.088531 	0.088531 	0.088531 	 
0.152986 	0.152986 	0.152986 	0.152986 	0.152986 	0.152986 	0.152986 	0.152986 	0.152986 	0.152986 	0.152986 	0.152986 	 
0.174747 	0.174747 	0.174747 	0.174747 	0.174747 	0.174747 	0.174747 	0.174747 	0.174747 	0.174747 	0.174747 	0.174747 	 
0.182062 	0.182062 	0.182062 	0.182062 	0.182062 	0.182062 	0.182062 	0.182062 	0.182062 	0.182062 	0.182062 	0.182062 	 
0.184519 	0.184519 	0.184519 	0.184519 	0.184519 	0.184519 	0.184519 	0.184519 	0.184519 	0.184519 	0.184519 	0.184519 	 
0.185345 	0.185345 	0.185345 	0.185345 	0.185345 	0.185345 	0.185345 	0.185345 	0.185345 	0.185345 	0.185345 	0.185345 	 
0.185622 	0.185622 	0.185622 	0.185622 	0.185622 	0.185622 	0.185622 	0.185622 	0.185622 	0.185622 	0.185622 	0.185622 	 
0.185715 	0.185715 	0.185715 	0.185715 	0.185715 	0.185715 	0.185715 	0.185715 	0.185715 	0.185715 	0.185715 	0.185715 	 
0.056139 	0.056139 	0.056139 	0.056139 	0.056139 	0.056139 	0.056139 	0.056139 	0.056139 	0.056139 	0.056139 	0.056139 	 
-0.042795 	-0.042795 	-0.042795 	-0.042795 	-0.042795 	-0.042795 	-0.042795 	-0.042795 	-0.042795 	-0.042795 	-0.042795 	-0.042795 	 
0.057545 	0.057545 	0.057545 	0.057545 	0.057545 	0.057545 	0.057545 	0.057545 	0.057545 	0.057545 	0.057545 	0.057545 	 
0.140354 	0.140354 	0.140354 	0.140354 	0.140354 	0.140354 	0.140354 	0.140354 	0.140354 	0.140354 	0.140354 	0.140354 	 
0.170403 	0.170403 	0.170403 	0.170403 	0.170403 	0.170403 	0.170403 	0.170403 	0.170403 	0.170403 	0.170403 	0.170403 	 
0.180598 	0.180598 	0.180598 	0.180598 	0.180598 	0.180598 	0.180598 	0.180598 	0.180598 	0.180598 	0.180598 	0.180598 	 
0.184027 	0.184027 	0.184027 	0.184027 	0.184027 	0.184027 	0.184027 	0.184027 	0.184027 	0.184027 	0.184027 	0.184027 	 
0.185180 	0.185180 	0.185180 	0.185180 	0.185180 	0.185180 	0.185180 	0.185180 	0.185180 	0.185180 	0.185180 	0.185180 	 
0.185567 	0.185567 	0.185567 	0.185567 	0.185567 	0.185567 	0.185567 	0.185567 	0.185567 	0.185567 	0.185567 	0.185567 	 
0.185697 	0.185697 	0.185697 	0.185697 	0.185697 	0.185697 	0.185697 	0.185697 	0.185697 	0.185697 	0.185697 	0.185697 	 
0.185740 	0.185740 	0.185740 	0.185740 	0.185740 	0.185740 	0.185740 	0.185740 	0.185740 	0.185740 	0.185740 	0.185740 	 
0.185755 	0.185755 	0.185755 	0.185755 	0.185755 	0.185755 	0.185755 	0.185755 	0.185755 	0.185755 	0.185755 	0.185755 	 
0.185760 	0.185760 	0.185760 	0.185760 	0.185760 	0.185760 	0.185760 	0.185760 	0.185760 	0.185760 	0.185760 	0.185760 	 
-3.365688 	-3.365688 	-3.365688 	-3.365688 	-3.365688 	-3.365688 	-3.365688 	-3.365688 	-3.365688 	-3.365688 	-3.365688 	-3.365688 	 
-2.313830 	-2.313830 	-2.313830 	-2.313830 	-2.313830 	-2.313830 	-2.313830 	-2.313830 	-2.313830 	-2.313830 	-2.313830 	-2.313830 	 
-0.712302 	-0.712302 	-0.712302 	-0.712302 	-0.712302 	-0.712302 	-0.712302 	-0.712302 	-0.712302 	-0.712302 	-0.712302 	-0.712302 	 
-0.118563 	-0.118563 	-0.118563 	-0.118563 	-0.118563 	-0.118563 	-0.118563 	-0.118563 	-0.118563 	-0.118563 	-0.118563 	-0.118563 	 
0.083415 	0.083415 	0.083415 	0.083415 	0.083415 	0.083415 	0.083415 	0.083415 	0.083415 	0.083415 	0.083415 	0.083415 	 
0.151377 	0.151377 	0.151377 	0.151377 	0.151377 	0.151377 	0.151377 	0.151377 	0.151377 	0.151377 	0.151377 	0.151377 	 
-3.341805 	-3.341805 	-3.341805 	-3.341805 	-3.341805 	-3.341805 	-3.341805 	-3.341805 	-3.341805 	-3.341805 	-3.341805 	-3.341805 	 
-4.328814 	-4.328814 	-4.328814 	-4.328814 	-4.328814 	-4.328814 	-4.328814 	-4.328814 	-4.328814 	-4.328814 	-4.328814 	-4.328814 	 
-1.519520 	-1.519520 	-1.519520 	-1.519520 	-1.519520 	-1.519520 	-1.519520 	-1.519520 	-1.519520 	-1.519520 	-1.519520 	-1.519520 	 
-0.395446 	-0.395446 	-0.395446 	-0.395446 	-0.395446 	-0.395446 	-0.395446 	-0.395446 	-0.395446 	-0.395446 	-0.395446 	-0.395446 	 
-0.009853 	-0.009853 	-0.009853 	-0.009853 	-0.009853 	-0.009853 	-0.009853 	-0.009853 	-0.009853 	-0.009853 	-0.009853 	-0.009853 	 
0.120036 	0.120036 	0.120036 	0.120036 	0.120036 	0.120036 	0.120036 	0.120036 	0.120036 	0.120036 	0.120036 	0.120036 	 
0.060375 	0.060375 	0.060375 	0.060375 	0.060375 	0.060375 	0.060375 	0.060375 	0.060375 	0.060375 	0.060375 	0.060375 	 
0.065433 	0.065433 	0.065433 	0.065433 	0.065433 	0.065433 	0.065433 	0.065433 	0.065433 	0.065433 	0.065433 	0.065433 	 
-0.270068 	-0.270068 	-0.270068 	-0.270068 	-0.270068 	-0.270068 	-0.270068 	-0.270068 	-0.270068 	-0.270068 	-0.270068 	-0.270068 	 
-0.029661 	-0.029661 	-0.029661 	-0.029661 	-0.029661 	-0.029661 	-0.029661 	-0.029661 	-0.029661 	-0.029661 	-0.029661 	-0.029661 	 
0.110565 	0.110565 	0.110565 	0.110565 	0.110565 	0.110565 	0.110565 	0.110565 	0.110565 	0.110565 	0.110565 	0.110565 	 
0.160374 	0.160374 	0.160374 	0.160374 	0.160374 	0.160374 	0.160374 	0.160374 	0.160374 	0.160374 	0.160374 	0.160374 	 
0.177228 	0.177228 	0.177228 	0.177228 	0.177228 	0.177228 	0.177228 	0.177228 	0.177228 	0.177228 	0.177228 	0.177228 	 
0.182895 	0.182895 	0.182895 	0.182895 	0.182895 	0.182895 	0.182895 	0.182895 	0.182895 	0.182895 	0.182895 	0.182895 	 
0.184799 	0.184799 	0.184799 	0.184799 	0.184799 	0.184799 	0.184799 	0.184799 	0.184799 	0.184799 	0.184799 	0.184799 	 
0.185439 	0.185439 	0.185439 	0.185439 	0.185439 	0.185439 	0.185439 	0.185439 	0.185439 	0.185439 	0.185439 	0.185439 	 
-2.244741 	-2.244741 	-2.244741 	-2.244741 	-2.244741 	-2.244741 	-2.244741 	-2.244741 	-2.244741 	-2.244741 	-2.244741 	-2.244741 	 
-1.498768 	-1.498768 	-1.498768 	-1.498768 	-1.498768 	-1.498768 	-1.498768 	-1.498768 	-1.498768 	-1.498768 	-1.498768 	-1.498768 	 
-0.419485 	-0.419485 	-0.419485 	-0.419485 	-0.419485 	-0.419485 	-0.419485 	-0.419485 	-0.419485 	-0.419485 	-0.419485 	-0.419485 	 
-0.019337 	-0.019337 	-0.019337 	-0.019337 	-0.019337 	-0.019337 	-0.019337 	-0.019337 	-0.019337 	-0.019337 	-0.019337 	-0.019337 	 
-1.663363 	-1.663363 	-1.663363 	-1.663363 	-1.663363 	-1.663363 	-1.663363 	-1.663363 	-1.663363 	-1.663363 	-1.663363 	-1.663363 	 
-1.067725 	-1.067725 	-1.067725 	-1.067725 	-1.067725 	-1.067725 	-1.067725 	-1.067725 	-1.067725 	-1.067725 	-1.067725 	-1.067725 	 
-0.264059 	-0.264059 	-0.264059 	-0.264059 	-0.264059 	-0.264059 	-0.264059 	-0.264059 	-0.264059 	-0.264059 	-0.264059 	-0.264059 	 
0.033355 	0.033355 	0.033355 	0.033355 	0.033355 	0.033355 	0.033355 	0.033355 	0.033355 	0.033355 	0.033355 	0.033355 	 
0.134508 	0.134508 	0.134508 	0.134508 	0.134508 	0.134508 	0.134508 	0.134508 	0.134508 	0.134508 	0.134508 	0.134508 	 
0.168543 	0.168543 	0.168543 	0.168543 	0.168543 	0.168543 	0.168543 	0.168543 	0.168543 	0.168543 	0.168543 	0.168543 	 
0.179978 	0.179978 	0.179978 	0.179978 	0.179978 	0.179978 	0.179978 	0.179978 	0.179978 	0.179978 	0.179978 	0.179978 	 
0.183819 	0.183819 	0.183819 	0.183819 	0.183819 	0.183819 	0.183819 	0.183819 	0.183819 	0.183819 	0.183819 	0.183819 	 
0.185110 	0.185110 	0.185110 	0.185110 	0.185110 	0.185110 	0.185110 	0.185110 	0.185110 	0.185110 	0.185110 	0.185110 	 
0.185543 	0.185543 	0.185543 	0.185543 	0.185543 	0.185543 	0.185543 	0.185543 	0.185543 	0.185543 	0.185543 	0.185543 	 
0.185689 	0.185689 	0.185689 	0.185689 	0.185689 	0.185689 	0.185689 	0.185689 	0.185689 	0.185689 	0.185689 	0.185689 	 
0.003536 	0.003536 	0.003536 	0.003536 	0.003536 	0.003536 	0.003536 	0.003536 	0.003536 	0.003536 	0.003536 	0.003536 	 
0.059862 	0.059862 	0.059862 	0.059862 	0.059862 	0.059862 	0.059862 	0.059862 	0.059862 	0.059862 	0.059862 	0.059862 	 
0.140530 	0.140530 	0.140530 	0.140530 	0.140530 	0.140530 	0.140530 	0.140530 	0.140530 	0.140530 	0.140530 	0.140530 	 
0.170435 	0.170435 	0.170435 	0.170435 	0.170435 	0.170435 	0.170435 	0.170435 	0.170435 	0.170435 	0.170435 	0.170435 	 
0.180746 	0.180746 	0.180746 	0.180746 	0.180746 	0.180746 	0.180746 	0.180746 	0.180746 	0.180746 	0.180746 	0.180746 	 
0.184313 	0.184313 	0.184313 	0.184313 	0.184313 	0.184313 	0.184313 	0.184313 	0.184313 	0.184313 	0.184313 	0.184313 	 
0.179540 	0.179540 	0.179540 	0.179540 	0.179540 	0.179540 	0.179540 	0.179540 	0.179540 	0.179540 	0.179540 	0.179540 	 
0.015887 	0.015887 	0.015887 	0.015887 	0.015887 	0.015887 	0.015887 	0.015887 	0.015887 	0.015887 	0.015887 	0.015887 	 
-0.014113 	-0.014113 	-0.014113 	-0.014113 	-0.014113 	-0.014113 	-0.014113 	-0.014113 	-0.014113 	-0.014113 	-0.014113 	-0.014113 	 
0.112949 	0.112949 	0.112949 	0.112949 	0.112949 	0.112949 	0.112949 	0.112949 	0.112949 	0.112949 	0.112949 	0.112949 	 
0.122256 	0.122256 	0.122256 	0.122256 	0.122256 	0.122256 	0.122256 	0.122256 	0.122256 	0.122256 	0.122256 	0.122256 	 
-0.044823 	-0.044823 	-0.044823 	-0.044823 	-0.044823 	-0.044823 	-0.044823 	-0.044823 	-0.044823 	-0.044823 	-0.044823 	-0.044823 	 
0.086288 	0.086288 	0.086288 	0.086288 	0.086288 	0.086288 	0.086288 	0.086288 	0.086288 	0.086288 	0.086288 	0.086288 	 
0.153503 	0.153503 	0.153503 	0.153503 	0.153503 	0.153503 	0.153503 	0.153503 	0.153503 	0.153503 	0.153503 	0.153503 	 
0.176769 	0.176769 	0.176769 	0.176769 	0.176769 	0.176769 	0.176769 	0.176769 	0.176769 	0.176769 	0.176769 	0.176769 	 
0.116236 	0.116236 	0.116236 	0.116236 	0.116236 	0.116236 	0.116236 	0.116236 	0.116236 	0.116236 	0.116236 	0.116236 	 
-0.623800 	-0.623800 	-0.623800 	-0.623800 	-0.623800 	-0.623800 	-0.623800 	-0.623800 	-0.623800 	-0.623800 	-0.623800 	-0.623800 	 
-0.258573 	-0.258573 	-0.258573 	-0.258573 	-0.258573 	-0.258573 	-0.258573 	-0.258573 	-0.258573 	-0.258573 	-0.258573 	-0.258573 	 
0.038000 	0.038000 	0.038000 	0.038000 	0.038000 	0.038000 	0.038000 	0.038000 	0.038000 	0.038000 	0.038000 	0.038000 	 
0.142929 	0.142929 	0.142929 	0.142929 	0.142929 	0.142929 	0.142929 	0.142929 	0.142929 	0.142929 	0.142929 	0.142929 	 
0.174410 	0.174410 	0.174410 	0.174410 	0.174410 	0.174410 	0.174410 	0.174410 	0.174410 	0.174410 	0.174410 	0.174410 	 
0.184669 	0.184669 	0.184669 	0.184669 	0.184669 	0.184669 	0.184669 	0.184669 	0.184669 	0.184669 	0.184669 	0.184669 	 
0.188149 	0.188149 	0.188149 	0.188149 	0.188149 	0.188149 	0.188149 	0.188149 	0.188149 	0.188149 	0.188149 	0.188149 	 
0.189412 	0.189412 	0.189412 	0.189412 	0.189412 	0.189412 	0.189412 	0.189412 	0.189412 	0.189412 	0.189412 	0.189412 	 
0.189951 	0.189951 	0.189951 	0.189951 	0.189951 	0.189951 	0.189951 	0.189951 	0.189951 	0.189951 	0.189951 	0.189951 	 
0.190250 	0.190250 	0.190250 	0.190250 	0.190250 	0.190250 	0.190250 	0.190250 	0.190250 	0.190250 	0.190250 	0.190250 	 
0.188834 	0.188834 	0.188834 	0.188834 	0.188834 	0.188834 	0.188834 	0.188834 	0.188834 	0.188834 	0.188834 	0.188834 	 
-0.015830 	-0.015830 	-0.015830 	-0.015830 	-0.015830 	-0.015830 	-0.015830 	-0.015830 	-0.015830 	-0.015830 	-0.015830 	-0.015830 	 
0.101376 	0.101376 	0.101376 	0.101376 	0.101376 	0.101376 	0.101376 	0.101376 	0.101376 	0.101376 	0.101376 	0.101376 	 
0.118986 	0.118986 	0.118986 	0.118986 	0.118986 	0.118986 	0.118986 	0.118986 	0.118986 	0.118986 	0.118986 	0.118986 	 
0.130107 	0.130107 	0.130107 	0.130107 	0.130107 	0.130107 	0.130107 	0.130107 	0.130107 	0.130107 	0.130107 	0.130107 	 
0.169607 	0.169607 	0.169607 	0.169607 	0.169607 	0.169607 	0.169607 	0.169607 	0.169607 	0.169607 	0.169607 	0.169607 	 
0.184411 	0.184411 	0.184411 	0.184411 	0.184411 	0.184411 	0.184411 	0.184411 	0.184411 	0.184411 	0.184411 	0.184411 	 
0.188659 	0.188659 	0.188659 	0.188659 	0.188659 	0.188659 	0.188659 	0.188659 	0.188659 	0.188659 	0.188659 	0.188659 	 
0.152387 	0.152387 	0.152387 	0.152387 	0.152387 	0.152387 	0.152387 	0.152387 	0.152387 	0.152387 	0.152387 	0.152387 	 
0.148043 	0.148043 	0.148043 	0.148043 	0.148043 	0.148043 	0.148043 	0.148043 	0.148043 	0.148043 	0.148043 	0.148043 	 
0.187436 	0.187436 	0.187436 	0.187436 	0.187436 	0.187436 	0.187436 	0.187436 	0.187436 	0.187436 	0.187436 	0.187436 	 
-0.324594 	-0.324594 	-0.324594 	-0.324594 	-0.324594 	-0.324594 	-0.324594 	-0.324594 	-0.324594 	-0.324594 	-0.324594 	-0.324594 	 
-1.815062 	-1.815062 	-1.815062 	-1.815062 	-1.815062 	-1.815062 	-1.815062 	-1.815062 	-1.815062 	-1.815062 	-1.815062 	-1.815062 	 
-0.642020 	-0.642020 	-0.642020 	-0.642020 	-0.642020 	-0.642020 	-0.642020 	-0.642020 	-0.642020 	-0.642020 	-0.642020 	-0.642020 	 
-0.085245 	-0.085245 	-0.085245 	-0.085245 	-0.085245 	-0.085245 	-0.085245 	-0.085245 	-0.085245 	-0.085245 	-0.085245 	-0.085245 	 
-0.025019 	-0.025019 	-0.025019 	-0.025019 	-0.025019 	-0.025019 	-0.025019 	-0.025019 	-0.025019 	-0.025019 	-0.025019 	-0.025019 	 
0.135007 	0.135007 	0.135007 	0.135007 	0.135007 	0.135007 	0.135007 	0.135007 	0.135007 	0.135007 	0.135007 	0.135007 	 
0.185819 	0.185819 	0.185819 	0.185819 	0.185819 	0.185819 	0.185819 	0.185819 	0.185819 	0.185819 	0.185819 	0.185819 	 
0.070302 	0.070302 	0.070302 	0.070302 	0.070302 	0.070302 	0.070302 	0.070302 	0.070302 	0.070302 	0.070302 	0.070302 	 
-0.102314 	-0.102314 	-0.102314 	-0.102314 	-0.102314 	-0.102314 	-0.102314 	-0.102314 	-0.102314 	-0.102314 	-0.102314 	-0.102314 	 
0.077631 	0.077631 	0.077631 	0.077631 	0.077631 	0.077631 	0.077631 	0.077631 	0.077631 	0.077631 	0.077631 	0.077631 	 
0.186416 	0.186416 	0.186416 	0.186416 	0.186416 	0.186416 	0.186416 	0.186416 	0.186416 	0.186416 	0.186416 	0.186416 	 
0.192843 	0.192843 	0.192843 	0.192843 	0.192843 	0.192843 	0.192843 	0.192843 	0.192843 	0.192843 	0.192843 	0.192843 	 
0.193091 	0.193091 	0.193091 	0.193091 	0.193091 	0.193091 	0.193091 	0.193091 	0.193091 	0.193091 	0.193091 	0.193091 	 
0.193183 	0.193183 	0.193183 	0.193183 	0.193183 	0.193183 	0.193183 	0.193183 	0.193183 	0.193183 	0.193183 	0.193183 	 
0.193224 	0.193224 	0.193224 	0.193224 	0.193224 	0.193224 	0.193224 	0.193224 	0.193224 	0.193224 	0.193224 	0.193224 	 
0.193244 	0.193244 	0.193244 	0.193244 	0.193244 	0.193244 	0.193244 	0.193244 	0.193244 	0.193244 	0.193244 	0.193244 	 
0.193252 	0.193252 	0.193252 	0.193252 	0.193252 	0.193252 	0.193252 	0.193252 	0.193252 	0.193252 	0.193252 	0.193252 	 
0.193250 	0.193250 	0.193250 	0.193250 	0.193250 	0.193250 	0.193250 	0.193250 	0.193250 	0.193250 	0.193250 	0.193250 	 
0.193162 	0.193162 	0.193162 	0.193162 	0.193162 	0.193162 	0.193162 	0.193162 	0.193162 	0.193162 	0.193162 	0.193162 	 
0.090597 	0.090597 	0.090597 	0.090597 	0.090597 	0.090597 	0.090597 	0.090597 	0.090597 	0.090597 	0.090597 	0.090597 	 
-0.708727 	-0.708727 	-0.708727 	-0.708727 	-0.708727 	-0.708727 	-0.708727 	-0.708727 	-0.708727 	-0.708727 	-0.708727 	-0.708727 	 
-0.264309 	-0.264309 	-0.264309 	-0.264309 	-0.264309 	-0.264309 	-0.264309 	-0.264309 	-0.264309 	-0.264309 	-0.264309 	-0.264309 	 
0.077583 	0.077583 	0.077583 	0.077583 	0.077583 	0.077583 	0.077583 	0.077583 	0.077583 	0.077583 	0.077583 	0.077583 	 
0.174940 	0.174940 	0.174940 	0.174940 	0.174940 	0.174940 	0.174940 	0.174940 	0.174940 	0.174940 	0.174940 	0.174940 	 
0.062032 	0.062032 	0.062032 	0.062032 	0.062032 	0.062032 	0.062032 	0.062032 	0.062032 	0.062032 	0.062032 	0.062032 	 
0.125774 	0.125774 	0.125774 	0.125774 	0.125774 	0.125774 	0.125774 	0.125774 	0.125774 	0.125774 	0.125774 	0.125774 	 
0.191778 	0.191778 	0.191778 	0.191778 	0.191778 	0.191778 	0.191778 	0.191778 	0.191778 	0.191778 	0.191778 	0.191778 	 
0.191590 	0.191590 	0.191590 	0.191590 	0.191590 	0.191590 	0.191590 	0.191590 	0.191590 	0.191590 	0.191590 	0.191590 	 
0.191400 	0.191400 	0.191400 	0.191400 	0.191400 	0.191400 	0.191400 	0.191400 	0.191400 	0.191400 	0.191400 	0.191400 	 
-0.248308 	-0.248308 	-0.248308 	-0.248308 	-0.248308 	-0.248308 	-0.248308 	-0.248308 	-0.248308 	-0.248308 	-0.248308 	-0.248308 	 
-0.309432 	-0.309432 	-0.309432 	-0.309432 	-0.309432 	-0.309432 	-0.309432 	-0.309432 	-0.309432 	-0.309432 	-0.309432 	-0.309432 	 
0.020398 	0.020398 	0.020398 	0.020398 	0.020398 	0.020398 	0.020398 	0.020398 	0.020398 	0.020398 	0.020398 	0.020398 	 
0.164138 	0.164138 	0.164138 	0.164138 	0.164138 	0.164138 	0.164138 	0.164138 	0.164138 	0.164138 	0.164138 	0.164138 	 
0.189222 	0.189222 	0.189222 	0.189222 	0.189222 	0.189222 	0.189222 	0.189222 	0.189222 	0.189222 	0.189222 	0.189222 	 
0.190183 	0.190183 	0.190183 	0.190183 	0.190183 	0.190183 	0.190183 	0.190183 	0.190183 	0.190183 	0.190183 	0.190183 	 
0.189976 	0.189976 	0.189976 	0.189976 	0.189976 	0.189976 	0.189976 	0.189976 	0.189976 	0.189976 	0.189976 	0.189976 	 
0.189760 	0.189760 	0.189760 	0.189760 	0.189760 	0.189760 	0.189760 	0.189760 	0.189760 	0.189760 	0.189760 	0.189760 	 
0.189541 	0.189541 	0.189541 	0.189541 	0.189541 	0.189541 	0.189541 	0.189541 	0.189541 	0.189541 	0.189541 	0.189541 	 
0.189318 	0.189318 	0.189318 	0.189318 	0.189318 	0.189318 	0.189318 	0.189318 	0.189318 	0.189318 	0.189318 	0.189318 	 
0.087705 	0.087705 	0.087705 	0.087705 	0.087705 	0.087705 	0.087705 	0.087705 	0.087705 	0.087705 	0.087705 	0.087705 	 
0.120938 	0.120938 	0.120938 	0.120938 	0.120938 	0.120938 	0.120938 	0.120938 	0.120938 	0.120938 	0.120938 	0.120938 	 
0.188631 	0.188631 	0.188631 	0.188631 	0.188631 	0.188631 	0.188631 	0.188631 	0.188631 	0.188631 	0.188631 	0.188631 	 
0.188396 	0.188396 	0.188396 	0.188396 	0.188396 	0.188396 	0.188396 	0.188396 	0.188396 	0.188396 	0.188396 	0.188396 	 
0.188157 	0.188157 	0.188157 	0.188157 	0.188157 	0.188157 	0.188157 	0.188157 	0.188157 	0.188157 	0.188157 	0.188157 	 
0.187915 	0.187915 	0.187915 	0.187915 	0.187915 	0.187915 	0.187915 	0.187915 	0.187915 	0.187915 	0.187915 	0.187915 	 
0.163268 	0.163268 	0.163268 	0.163268 	0.163268 	0.163268 	0.163268 	0.163268 	0.163268 	0.163268 	0.163268 	0.163268 	 
0.008459 	0.008459 	0.008459 	0.008459 	0.008459 	0.008459 	0.008459 	0.008459 	0.008459 	0.008459 	0.008459 	0.008459 	 
0.179912 	0.179912 	0.179912 	0.179912 	0.179912 	0.179912 	0.179912 	0.179912 	0.179912 	0.179912 	0.179912 	0.179912 	 
0.186915 	0.186915 	0.186915 	0.186915 	0.186915 	0.186915 	0.186915 	0.186915 	0.186915 	0.186915 	0.186915 	0.186915 	 
0.042543 	0.042543 	0.042543 	0.042543 	0.042543 	0.042543 	0.042543 	0.042543 	0.042543 	0.042543 	0.042543 	0.042543 	 
0.150371 	0.150371 	0.150371 	0.150371 	0.150371 	0.150371 	0.150371 	0.150371 	0.150371 	0.150371 	0.150371 	0.150371 	 
0.186131 	0.186131 	0.186131 	0.186131 	0.186131 	0.186131 	0.186131 	0.186131 	0.186131 	0.186131 	0.186131 	0.186131 	 
0.185864 	0.185864 	0.185864 	0.185864 	0.185864 	0.185864 	0.185864 	0.185864 	0.185864 	0.185864 	0.185864 	0.185864 	 
0.185593 	0.185593 	0.185593 	0.185593 	0.185593 	0.185593 	0.185593 	0.185593 	0.185593 	0.185593 	0.185593 	0.185593 	 
0.185318 	0.185318 	0.185318 	0.185318 	0.185318 	0.185318 	0.185318 	0.185318 	0.185318 	0.185318 	0.185318 	0.185318 	 
0.185041 	0.185041 	0.185041 	0.185041 	0.185041 	0.185041 	0.185041 	0.185041 	0.185041 	0.185041 	0.185041 	0.185041 	 
0.184760 	0.184760 	0.184760 	0.184760 	0.184760 	0.184760 	0.184760 	0.184760 	0.184760 	0.184760 	0.184760 	0.184760 	 
0.184476 	0.184476 	0.184476 	0.184476 	0.184476 	0.184476 	0.184476 	0.184476 	0.184476 	0.184476 	0.184476 	0.184476 	 
0.184189 	0.184189 	0.184189 	0.184189 	0.184189 	0.184189 	0.184189 	0.184189 	0.184189 	0.184189 	0.184189 	0.184189 	 
0.183898 	0.183898 	0.183898 	0.183898 	0.183898 	0.183898 	0.183898 	0.183898 	0.183898 	0.183898 	0.183898 	0.183898 	 
0.183604 	0.183604 	0.183604 	0.183604 	0.183604 	0.183604 	0.183604 	0.183604 	0.183604 	0.183604 	0.183604 	0.183604 	 
0.183307 	0.183307 	0.183307 	0.183307 	0.183307 	0.183307 	0.183307 	0.183307 	0.183307 	0.183307 	0.183307 	0.183307 	 
0.183007 	0.183007 	0.183007 	0.183007 	0.183007 	0.183007 	0.183007 	0.183007 	0.183007 	0.183007 	0.183007 	0.183007 	 
0.182704 	0.182704 	0.182704 	0.182704 	0.182704 	0.182704 	0.182704 	0.182704 	0.182704 	0.182704 	0.182704 	0.182704 	 
0.182397 	0.182397 	0.182397 	0.182397 	0.182397 	0.182397 	0.182397 	0.182397 	0.182397 	0.182397 	0.182397 	0.182397 	 
0.182087 	0.182087 	0.182087 	0.182087 	0.182087 	0.182087 	0.182087 	0.182087 	0.182087 	0.182087 	0.182087 	0.182087 	 
0.181774 	0.181774 	0.181774 	0.181774 	0.181774 	0.181774 	0.181774 	0.181774 	0.181774 	0.181774 	0.181774 	0.181774 	 
0.181457 	0.181457 	0.181457 	0.181457 	0.181457 	0.181457 	0.181457 	0.181457 	0.181457 	0.181457 	0.181457 	0.181457 	 
0.181137 	0.181137 	0.181137 	0.181137 	0.181137 	0.181137 	0.181137 	0.181137 	0.181137 	0.181137 	0.181137 	0.181137 	 
0.180814 	0.180814 	0.180814 	0.180814 	0.180814 	0.180814 	0.180814 	0.180814 	0.180814 	0.180814 	0.180814 	0.180814 	 
0.180488 	0.180488 	0.180488 	0.180488 	0.180488 	0.180488 	0.180488 	0.180488 	0.180488 	0.180488 	0.180488 	0.180488 	 
0.180158 	0.180158 	0.180158 	0.180158 	0.180158 	0.180158 	0.180158 	0.180158 	0.180158 	0.180158 	0.180158 	0.180158 	 
0.179825 	0.179825 	0.179825 	0.179825 	0.179825 	0.179825 	0.179825 	0.179825 	0.179825 	0.179825 	0.179825 	0.179825 	 
0.179489 	0.179489 	0.179489 	0.179489 	0.179489 	0.179489 	0.179489 	0.179489 	0.179489 	0.179489 	0.179489 	0.179489 	 
0.179150 	0.179150 	0.179150 	0.179150 	0.179150 	0.179150 	0.179150 	0.179150 	0.179150 	0.179150 	0.179150 	0.179150 	 
0.178807 	0.178807 	0.178807 	0.178807 	0.178807 	0.178807 	0.178807 	0.178807 	0.178807 	0.178807 	0.178807 	0.178807 	 
0.178461 	0.178461 	0.178461 	0.178461 	0.178461 	0.178461 	0.178461 	0.178461 	0.178461 	0.178461 	0.178461 	0.178461 	 
0.178111 	0.178111 	0.178111 	0.178111 	0.178111 	0.178111 	0.178111 	0.178111 	0.178111 	0.178111 	0.178111 	0.178111 	 
0.174843 	0.174843 	0.174843 	0.174843 	0.174843 	0.174843 	0.174843 	0.174843 	0.174843 	0.174843 	0.174843 	0.174843 	 
0.018878 	0.018878 	0.018878 	0.018878 	0.018878 	0.018878 	0.018878 	0.018878 	0.018878 	0.018878 	0.018878 	0.018878 	 
-0.715814 	-0.715814 	-0.715814 	-0.715814 	-0.715814 	-0.715814 	-0.715814 	-0.715814 	-0.715814 	-0.715814 	-0.715814 	-0.715814 	 
-0.620300 	-0.620300 	-0.620300 	-0.620300 	-0.620300 	-0.620300 	-0.620300 	-0.620300 	-0.620300 	-0.620300 	-0.620300 	-0.620300 	 
-0.292729 	-0.292729 	-0.292729 	-0.292729 	-0.292729 	-0.292729 	-0.292729 	-0.292729 	-0.292729 	-0.292729 	-0.292729 	-0.292729 	 
0.116910 	0.116910 	0.116910 	0.116910 	0.116910 	0.116910 	0.116910 	0.116910 	0.116910 	0.116910 	0.116910 	0.116910 	 
-0.076337 	-0.076337 	-0.076337 	-0.076337 	-0.076337 	-0.076337 	-0.076337 	-0.076337 	-0.076337 	-0.076337 	-0.076337 	-0.076337 	 
0.001121 	0.001121 	0.001121 	0.001121 	0.001121 	0.001121 	0.001121 	0.001121 	0.001121 	0.001121 	0.001121 	0.001121 	 
0.074859 	0.074859 	0.074859 	0.074859 	0.074859 	0.074859 	0.074859 	0.074859 	0.074859 	0.074859 	0.074859 	0.074859 	 
0.078910 	0.078910 	0.078910 	0.078910 	0.078910 	0.078910 	0.078910 	0.078910 	0.078910 	0.078910 	0.078910 	0.078910 	 
-0.032133 	-0.032133 	-0.032133 	-0.032133 	-0.032133 	-0.032133 	-0.032133 	-0.032133 	-0.032133 	-0.032133 	-0.032133 	-0.032133 	 
0.049120 	0.049120 	0.049120 	0.049120 	0.049120 	0.049120 	0.049120 	0.049120 	0.049120 	0.049120 	0.049120 	0.049120 	 
0.155229 	0.155229 	0.155229 	0.155229 	0.155229 	0.155229 	0.155229 	0.155229 	0.155229 	0.155229 	0.155229 	0.155229 	 
0.102791 	0.102791 	0.102791 	0.102791 	0.102791 	0.102791 	0.102791 	0.102791 	0.102791 	0.102791 	0.102791 	0.102791 	 
-0.204969 	-0.204969 	-0.204969 	-0.204969 	-0.204969 	-0.204969 	-0.204969 	-0.204969 	-0.204969 	-0.204969 	-0.204969 	-0.204969 	 
0.042796 	0.042796 	0.042796 	0.042796 	0.042796 	0.042796 	0.042796 	0.042796 	0.042796 	0.042796 	0.042796 	0.042796 	 
0.128454 	0.128454 	0.128454 	0.128454 	0.128454 	0.128454 	0.128454 	0.128454 	0.128454 	0.128454 	0.128454 	0.128454 	 
0.150664 	0.150664 	0.150664 	0.150664 	0.150664 	0.150664 	0.150664 	0.150664 	0.150664 	0.150664 	0.150664 	0.150664 	 
0.147311 	0.147311 	0.147311 	0.147311 	0.147311 	0.147311 	0.147311 	0.147311 	0.147311 	0.147311 	0.147311 	0.147311 	 
0.109190 	0.109190 	0.109190 	0.109190 	0.109190 	0.109190 	0.109190 	0.109190 	0.109190 	0.109190 	0.109190 	0.109190 	 
0.075737 	0.075737 	0.075737 	0.075737 	0.075737 	0.075737 	0.075737 	0.075737 	0.075737 	0.075737 	0.075737 	0.075737 	 
-0.156416 	-0.156416 	-0.156416 	-0.156416 	-0.156416 	-0.156416 	-0.156416 	-0.156416 	-0.156416 	-0.156416 	-0.156416 	-0.156416 	 
-0.677595 	-0.677595 	-0.677595 	-0.677595 	-0.677595 	-0.677595 	-0.677595 	-0.677595 	-0.677595 	-0.677595 	-0.677595 	-0.677595 	 
-0.228908 	-0.228908 	-0.228908 	-0.228908 	-0.228908 	-0.228908 	-0.228908 	-0.228908 	-0.228908 	-0.228908 	-0.228908 	-0.228908 	 
-0.011716 	-0.011716 	-0.011716 	-0.011716 	-0.011716 	-0.011716 	-0.011716 	-0.011716 	-0.011716 	-0.011716 	-0.011716 	-0.011716 	 
-0.000147 	-0.000147 	-0.000147 	-0.000147 	-0.000147 	-0.000147 	-0.000147 	-0.000147 	-0.000147 	-0.000147 	-0.000147 	-0.000147 	 
0.062170 	0.062170 	0.062170 	0.062170 	0.062170 	0.062170 	0.062170 	0.062170 	0.062170 	0.062170 	0.062170 	0.062170 	 
0.110248 	0.110248 	0.110248 	0.110248 	0.110248 	0.110248 	0.110248 	0.110248 	0.110248 	0.110248 	0.110248 	0.110248 	 
0.142615 	0.142615 	0.142615 	0.142615 	0.142615 	0.142615 	0.142615 	0.142615 	0.142615 	0.142615 	0.142615 	0.142615 	 
0.140795 	0.140795 	0.140795 	0.140795 	0.140795 	0.140795 	0.140795 	0.140795 	0.140795 	0.140795 	0.140795 	0.140795 	 
-0.414819 	-0.414819 	-0.414819 	-0.414819 	-0.414819 	-0.414819 	-0.414819 	-0.414819 	-0.414819 	-0.414819 	-0.414819 	-0.414819 	 
-1.683577 	-1.683577 	-1.683577 	-1.683577 	-1.683577 	-1.683577 	-1.683577 	-1.683577 	-1.683577 	-1.683577 	-1.683577 	-1.683577 	 
-0.817084 	-0.817084 	-0.817084 	-0.817084 	-0.817084 	-0.817084 	-0.817084 	-0.817084 	-0.817084 	-0.817084 	-0.817084 	-0.817084 	 
-0.081385 	-0.081385 	-0.081385 	-0.081385 	-0.081385 	-0.081385 	-0.081385 	-0.081385 	-0.081385 	-0.081385 	-0.081385 	-0.081385 	 
0.085308 	0.085308 	0.085308 	0.085308 	0.085308 	0.085308 	0.085308 	0.085308 	0.085308 	0.085308 	0.085308 	0.085308 	 
0.145692 	0.145692 	0.145692 	0.145692 	0.145692 	0.145692 	0.145692 	0.145692 	0.145692 	0.145692 	0.145692 	0.145692 	 
0.166902 	0.166902 	0.166902 	0.166902 	0.166902 	0.166902 	0.166902 	0.166902 	0.166902 	0.166902 	0.166902 	0.166902 	 
0.171093 	0.171093 	0.171093 	0.171093 	0.171093 	0.171093 	0.171093 	0.171093 	0.171093 	0.171093 	0.171093 	0.171093 	 
0.173242 	0.173242 	0.173242 	0.173242 	0.173242 	0.173242 	0.173242 	0.173242 	0.173242 	0.173242 	0.173242 	0.173242 	 
0.174582 	0.174582 	0.174582 	0.174582 	0.174582 	0.174582 	0.174582 	0.174582 	0.174582 	0.174582 	0.174582 	0.174582 	 
0.170843 	0.170843 	0.170843 	0.170843 	0.170843 	0.170843 	0.170843 	0.170843 	0.170843 	0.170843 	0.170843 	0.170843 	 
0.176522 	0.176522 	0.176522 	0.176522 	0.176522 	0.176522 	0.176522 	0.176522 	0.176522 	0.176522 	0.176522 	0.176522 	 
0.165150 	0.165150 	0.165150 	0.165150 	0.165150 	0.165150 	0.165150 	0.165150 	0.165150 	0.165150 	0.165150 	0.165150 	 
0.171903 	0.171903 	0.171903 	0.171903 	0.171903 	0.171903 	0.171903 	0.171903 	0.171903 	0.171903 	0.171903 	0.171903 	 
0.149808 	0.149808 	0.149808 	0.149808 	0.149808 	0.149808 	0.149808 	0.149808 	0.149808 	0.149808 	0.149808 	0.149808 	 
0.124554 	0.124554 	0.124554 	0.124554 	0.124554 	0.124554 	0.124554 	0.124554 	0.124554 	0.124554 	0.124554 	0.124554 	 
0.121419 	0.121419 	0.121419 	0.121419 	0.121419 	0.121419 	0.121419 	0.121419 	0.121419 	0.121419 	0.121419 	0.121419 	 
0.133277 	0.133277 	0.133277 	0.133277 	0.133277 	0.133277 	0.133277 	0.133277 	0.133277 	0.133277 	0.133277 	0.133277 	 
0.106684 	0.106684 	0.106684 	0.106684 	0.106684 	0.106684 	0.106684 	0.106684 	0.106684 	0.106684 	0.106684 	0.106684 	 
0.137988 	0.137988 	0.137988 	0.137988 	0.137988 	0.137988 	0.137988 	0.137988 	0.137988 	0.137988 	0.137988 	0.137988 	 
0.109057 	0.109057 	0.109057 	0.109057 	0.109057 	0.109057 	0.109057 	0.109057 	0.109057 	0.109057 	0.109057 	0.109057 	 
0.138675 	0.138675 	0.138675 	0.138675 	0.138675 	0.138675 	0.138675 	0.138675 	0.138675 	0.138675 	0.138675 	0.138675 	 
0.157672 	0.157672 	0.157672 	0.157672 	0.157672 	0.157672 	0.157672 	0.157672 	0.157672 	0.157672 	0.157672 	0.157672 	 
0.139778 	0.139778 	0.139778 	0.139778 	0.139778 	0.139778 	0.139778 	0.139778 	0.139778 	0.139778 	0.139778 	0.139778 	 
0.125801 	0.125801 	0.125801 	0.125801 	0.125801 	0.125801 	0.125801 	0.125801 	0.125801 	0.125801 	0.125801 	0.125801 	 
0.111823 	0.111823 	0.111823 	0.111823 	0.111823 	0.111823 	0.111823 	0.111823 	0.111823 	0.111823 	0.111823 	0.111823 	 
0.097845 	0.097845 	0.097845 	0.097845 	0.097845 	0.097845 	0.097845 	0.097845 	0.097845 	0.097845 	0.097845 	0.097845 	 
0.083867 	0.083867 	0.083867 	0.083867 	0.083867 	0.083867 	0.083867 	0.083867 	0.083867 	0.083867 	0.083867 	0.083867 	 
0.069889 	0.069889 	0.069889 	0.069889 	0.069889 	0.069889 	0.069889 	0.069889 	0.069889 	0.069889 	0.069889 	0.069889 	 
0.055911 	0.055911 	0.055911 	0.055911 	0.055911 	0.055911 	0.055911 	0.055911 	0.055911 	0.055911 	0.055911 	0.055911 	 
0.041934 	0.041934 	0.041934 	0.041934 	0.041934 	0.041934 	0.041934 	0.041934 	0.041934 	0.041934 	0.041934 	0.041934 	 
0.027956 	0.027956 	0.027956 	0.027956 	0.027956 	0.027956 	0.027956 	0.027956 	0.027956 	0.027956 	0.027956 	0.027956 	 
0.013978 	0.013978 	0.013978 	0.013978 	0.013978 	0.013978 	0.013978 	0.013978 	0.013978 	0.013978 	0.013978 	0.013978 	 
0.000000 	0.000000 	0.000000 	0.000000 	0.000000 	0.000000 	0.000000 	0.000000 	0.000000 	0.000000 	0.000000 	0.000000 	 
0.000000 	0.000000 	0.000000 	0.000000 	0.000000 	0.000000 	0.000000 	0.000000 	0.000000 	0.000000 	0.000000 	0.000000 	 
0.000000 	0.000000 	0.000000 	0.000000 	0.000000 	0.000000 	0.000000 	0.000000 	0.000000 	0.000000 	0.000000 	0.000000 	 
0.000000 	0.000000 	0.000000 	0.000000 	0.000000 	0.000000 	0.000000 	0.000000 	0.000000 	0.000000 	0.000000 	0.000000 	 
0.000000 	0.000000 	0.000000 	0.000000 	0.000000 	0.000000 	0.000000 	0.000000 	0.000000 	0.000000 	0.000000 	0.000000 	 
0.000000 	0.000000 	0.000000 	0.000000 	0.000000 	0.000000 	0.000000 	0.000000 	0.000000 	0.000000 	0.000000 	0.000000 	 
0.000000 	0.000000 	0.000000 	0.000000 	0.000000 	0.000000 	0.000000 	0.000000 	0.000000 	0.000000 	0.000000 	0.000000 	 
0.000000 	0.000000 	0.000000 	0.000000 	0.000000 	0.000000 	0.000000 	0.000000 	0.000000 	0.000000 	0.000000 	0.000000 	 
0.000000 	0.000000 	0.000000 	0.000000 	0.000000 	0.000000 	0.000000 	0.000000 	0.000000 	0.000000 	0.000000 	0.000000 	 
0.000000 	0.000000 	0.000000 	0.000000 	0.000000 	0.000000 	0.000000 	0.000000 	0.000000 	0.000000 	0.000000 	0.000000 	 
0.000000 	0.000000 	0.000000 	0.000000 	0.000000 	0.000000 	0.000000 	0.000000 	0.000000 	0.000000 	0.000000 	0.000000 	 
0.000000 	0.000000 	0.000000 	0.000000 	0.000000 	0.000000 	0.000000 	0.000000 	0.000000 	0.000000 	0.000000 	0.000000 	 
0.000000 	0.000000 	0.000000 	0.000000 	0.000000 	0.000000 	0.000000 	0.000000 	0.000000 	0.000000 	0.000000 	0.000000 	 
0.000000 	0.000000 	0.000000 	0.000000 	0.000000 	0.000000 	0.000000 	0.000000 	0.000000 	0.000000 	0.000000 	0.000000 	 
0.000000 	0.000000 	0.000000 	0.000000 	0.000000 	0.000000 	0.000000 	0.000000 	0.000000 	0.000000 	0.000000 	0.000000 	 
0.000000 	0.000000 	0.000000 	0.000000 	0.000000 	0.000000 	0.000000 	0.000000 	0.000000 	0.000000 	0.000000 	0.000000 	 
0.000000 	0.000000 	0.000000 	0.000000 	0.000000 	0.000000 	0.000000 	0.000000 	0.000000 	0.000000 	0.000000 	0.000000 	 
0.000000 	0.000000 	0.000000 	0.000000 	0.000000 	0.000000 	0.000000 	0.000000 	0.000000 	0.000000 	0.000000 	0.000000 	 
0.000000 	0.000000 	0.000000 	0.000000 	0.000000 	0.000000 	0.000000 	0.000000 	0.000000 	0.000000 	0.000000 	0.000000 	 
0.000000 	0.000000 	0.000000 	0.000000 	0.000000 	0.000000 	0.000000 	0.000000 	0.000000 	0.000000 	0.000000 	0.000000 	 
0.000000 	0.000000 	0.000000 	0.000000 	0.000000 	0.000000 	0.000000 	0.000000 	0.000000 	0.000000 	0.000000 	0.000000 	 
0.000000 	0.000000 	0.000000 	0.000000 	0.000000 	0.000000 	0.000000 	0.000000 	0.000000 	0.000000 	0.000000 	0.000000 	 
0.000000 	0.000000 	0.000000 	0.000000 	0.000000 	0.000000 	0.000000 	0.000000 	0.000000 	0.000000 	0.000000 	0.000000 	 
0.000000 	0.000000 	0.000000 	0.000000 	0.000000 	0.000000 	0.000000 	0.000000 	0.000000 	0.000000 	0.000000 	0.000000 	 
0.000000 	0.000000 	0.000000 	0.000000 	0.000000 	0.000000 	0.000000 	0.000000 	0.000000 	0.000000 	0.000000 	0.000000 	 
0.000000 	0.000000 	0.000000 	0.000000 	0.000000 	0.000000 	0.000000 	0.000000 	0.000000 	0.000000 	0.000000 	0.000000 	 
0.000000 	0.000000 	0.000000 	0.000000 	0.000000 	0.000000 	0.000000 	0.000000 	0.000000 	0.000000 	0.000000 	0.000000 	 
0.000000 	0.000000 	0.000000 	0.000000 	0.000000 	0.000000 	0.000000 	0.000000 	0.000000 	0.000000 	0.000000 	0.000000 	 
0.000000 	0.000000 	0.000000 	0.000000 	0.000000 	0.000000 	0.000000 	0.000000 	0.000000 	0.000000 	0.000000 	0.000000 	 
0.000000 	0.000000 	0.000000 	0.000000 	0.000000 	0.000000 	0.000000 	0.000000 	0.000000 	0.000000 	0.000000 	0.000000 	 
0.000000 	0.000000 	0.000000 	0.000000 	0.000000 	0.000000 	0.000000 	0.000000 	0.000000 	0.000000 	0.000000 	0.000000 	 
0.000000 	0.000000 	0.000000 	0.000000 	0.000000 	0.000000 	0.000000 	0.000000 	0.000000 	0.000000 	0.000000 	0.000000 	 
0.000000 	0.000000 	0.000000 	0.000000 	0.000000 	0.000000 	0.000000 	0.000000 	0.000000 	0.000000 	0.000000 	0.000000 	 
0.000000 	0.000000 	0.000000 	0.000000 	0.000000 	0.000000 	0.000000 	0.000000 	0.000000 	0.000000 	0.000000 	0.000000 	 
0.000000 	0.000000 	0.000000 	0.000000 	0.000000 	0.000000 	0.000000 	0.000000 	0.000000 	0.000000 	0.000000 	0.000000 	 
0.000000 	0.000000 	0.000000 	0.000000 	0.000000 	0.000000 	0.000000 	0.000000 	0.000000 	0.000000 	0.000000 	0.000000 	 
0.000000 	0.000000 	0.000000 	0.000000 	0.000000 	0.000000 	0.000000 	0.000000 	0.000000 	0.000000 	0.000000 	0.000000 	 
0.000000 	0.000000 	0.000000 	0.000000 	0.000000 	0.000000 	0.000000 	0.000000 	0.000000 	0.000000 	0.000000 	0.000000 	 
0.000000 	0.000000 	0.000000 	0.000000 	0.000000 	0.000000 	0.000000 	0.000000 	0.000000 	0.000000 	0.000000 	0.000000 	 
0.000000 	0.000000 	0.000000 	0.000000 	0.000000 	0.000000 	0.000000 	0.000000 	0.000000 	0.000000 	0.000000 	0.000000 	 
0.000000 	0.000000 	0.000000 	0.000000 	0.000000 	0.000000 	0.000000 	0.000000 	0.000000 	0.000000 	0.000000 	0.000000 	 
0.000000 	0.000000 	0.000000 	0.000000 	0.000000 	0.000000 	0.000000 	0.000000 	0.000000 	0.000000 	0.000000 	0.000000 	 
0.000000 	0.000000 	0.000000 	0.000000 	0.000000 	0.000000 	0.000000 	0.000000 	0.000000 	0.000000 	0.000000 	0.000000 	 
0.000000 	0.000000 	0.000000 	0.000000 	0.000000 	0.000000 	0.000000 	0.000000 	0.000000 	0.000000 	0.000000 	0.000000 	 
0.000000 	0.000000 	0.000000 	0.000000 	0.000000 	0.000000 	0.000000 	0.000000 	0.000000 	0.000000 	0.000000 	0.000000 	 
0.000000 	0.000000 	0.000000 	0.000000 	0.000000 	0.000000 	0.000000 	0.000000 	0.000000 	0.000000 	0.000000 	0.000000 	 
0.000000 	0.000000 	0.000000 	0.000000 	0.000000 	0.000000 	0.000000 	0.000000 	0.000000 	0.000000 	0.000000 	0.000000 	 
0.000000 	0.000000 	0.000000 	0.000000 	0.000000 	0.000000 	0.000000 	0.000000 	0.000000 	0.000000 	0.000000 	0.000000 	 
0.000000 	0.000000 	0.000000 	0.000000 	0.000000 	0.000000 	0.000000 	0.000000 	0.000000 	0.000000 	0.000000 	0.000000 	 
0.000000 	0.000000 	0.000000 	0.000000 	0.000000 	0.000000 	0.000000 	0.000000 	0.000000 	0.000000 	0.000000 	0.000000 	 
0.000000 	0.000000 	0.000000 	0.000000 	0.000000 	0.000000 	0.000000 	0.000000 	0.000000 	0.000000 	0.000000 	0.000000 	 
0.000000 	0.000000 	0.000000 	0.000000 	0.000000 	0.000000 	0.000000 	0.000000 	0.000000 	0.000000 	0.000000 	0.000000 	 
0.000000 	0.000000 	0.000000 	0.000000 	0.000000 	0.000000 	0.000000 	0.000000 	0.000000 	0.000000 	0.000000 	0.000000 	 
0.000000 	0.000000 	0.000000 	0.000000 	0.000000 	0.000000 	0.000000 	0.000000 	0.000000 	0.000000 	0.000000 	0.000000 	 
0.000000 	0.000000 	0.000000 	0.000000 	0.000000 	0.000000 	0.000000 	0.000000 	0.000000 	0.000000 	0.000000 	0.000000 	 
0.000000 	0.000000 	0.000000 	0.000000 	0.000000 	0.000000 	0.000000 	0.000000 	0.000000 	0.000000 	0.000000 	0.000000 	 
0.000000 	0.000000 	0.000000 	0.000000 	0.000000 	0.000000 	0.000000 	0.000000 	0.000000 	0.000000 	0.000000 	0.000000 	 
0.000000 	0.000000 	0.000000 	0.000000 	0.000000 	0.000000 	0.000000 	0.000000 	0.000000 	0.000000 	0.000000 	0.000000 	 
0.000000 	0.000000 	0.000000 	0.000000 	0.000000 	0.000000 	0.000000 	0.000000 	0.000000 	0.000000 	0.000000 	0.000000 	 
0.000000 	0.000000 	0.000000 	0.000000 	0.000000 	0.000000 	0.000000 	0.000000 	0.000000 	0.000000 	0.000000 	0.000000 	 
0.000000 	0.000000 	0.000000 	0.000000 	0.000000 	0.000000 	0.000000 	0.000000 	0.000000 	0.000000 	0.000000 	0.000000 	 
0.000000 	0.000000 	0.000000 	0.000000 	0.000000 	0.000000 	0.000000 	0.000000 	0.000000 	0.000000 	0.000000 	0.000000 	 
0.000000 	0.000000 	0.000000 	0.000000 	0.000000 	0.000000 	0.000000 	0.000000 	0.000000 	0.000000 	0.000000 	0.000000 	 
0.000000 	0.000000 	0.000000 	0.000000 	0.000000 	0.000000 	0.000000 	0.000000 	0.000000 	0.000000 	0.000000 	0.000000 	 
0.000000 	0.000000 	0.000000 	0.000000 	0.000000 	0.000000 	0.000000 	0.000000 	0.000000 	0.000000 	0.000000 	0.000000 	 
0.000000 	0.000000 	0.000000 	0.000000 	0.000000 	0.000000 	0.000000 	0.000000 	0.000000 	0.000000 	0.000000 	0.000000 	 
0.000000 	0.000000 	0.000000 	0.000000 	0.000000 	0.000000 	0.000000 	0.000000 	0.000000 	0.000000 	0.000000 	0.000000 	 
0.000000 	0.000000 	0.000000 	0.000000 	0.000000 	0.000000 	0.000000 	0.000000 	0.000000 	0.000000 	0.000000 	0.000000 	 
0.000000 	0.000000 	0.000000 	0.000000 	0.000000 	0.000000 	0.000000 	0.000000 	0.000000 	0.000000 	0.000000 	0.000000 	 
0.000000 	0.000000 	0.000000 	0.000000 	0.000000 	0.000000 	0.000000 	0.000000 	0.000000 	0.000000 	0.000000 	0.000000 	 
0.000000 	0.000000 	0.000000 	0.000000 	0.000000 	0.000000 	0.000000 	0.000000 	0.000000 	0.000000 	0.000000 	0.000000 	 
0.000000 	0.000000 	0.000000 	0.000000 	0.000000 	0.000000 	0.000000 	0.000000 	0.000000 	0.000000 	0.000000 	0.000000 	 
0.000000 	0.000000 	0.000000 	0.000000 	0.000000 	0.000000 	0.000000 	0.000000 	0.000000 	0.000000 	0.000000 	0.000000 	 
0.000000 	0.000000 	0.000000 	0.000000 	0.000000 	0.000000 	0.000000 	0.000000 	0.000000 	0.000000 	0.000000 	0.000000 	 
0.000000 	0.000000 	0.000000 	0.000000 	0.000000 	0.000000 	0.000000 	0.000000 	0.000000 	0.000000 	0.000000 	0.000000 	 
0.000000 	0.000000 	0.000000 	0.000000 	0.000000 	0.000000 	0.000000 	0.000000 	0.000000 	0.000000 	0.000000 	0.000000 	 
0.000000 	0.000000 	0.000000 	0.000000 	0.000000 	0.000000 	0.000000 	0.000000 	0.000000 	0.000000 	0.000000 	0.000000 	 
0.000000 	0.000000 	0.000000 	0.000000 	0.000000 	0.000000 	0.000000 	0.000000 	0.000000 	0.000000 	0.000000 	0.000000 	 
0.000000 	0.000000 	0.000000 	0.000000 	0.000000 	0.000000 	0.000000 	0.000000 	0.000000 	0.000000 	0.000000 	0.000000 	 
0.000000 	0.000000 	0.000000 	0.000000 	0.000000 	0.000000 	0.000000 	0.000000 	0.000000 	0.000000 	0.000000 	0.000000 	 
0.000000 	0.000000 	0.000000 	0.000000 	0.000000 	0.000000 	0.000000 	0.000000 	0.000000 	0.000000 	0.000000 	0.000000 	 
0.000000 	0.000000 	0.000000 	0.000000 	0.000000 	0.000000 	0.000000 	0.000000 	0.000000 	0.000000 	0.000000 	0.000000 	 
0.000000 	0.000000 	0.000000 	0.000000 	0.000000 	0.000000 	0.000000 	0.000000 	0.000000 	0.000000 	0.000000 	0.000000 	 
0.000000 	0.000000 	0.000000 	0.000000 	0.000000 	0.000000 	0.000000 	0.000000 	0.000000 	0.000000 	0.000000 	0.000000 	 
0.000000 	0.000000 	0.000000 	0.000000 	0.000000 	0.000000 	0.000000 	0.000000 	0.000000 	0.000000 	0.000000 	0.000000 	 
0.000000 	0.000000 	0.000000 	0.000000 	0.000000 	0.000000 	0.000000 	0.000000 	0.000000 	0.000000 	0.000000 	0.000000 	 
0.000000 	0.000000 	0.000000 	0.000000 	0.000000 	0.000000 	0.000000 	0.000000 	0.000000 	0.000000 	0.000000 	0.000000 	 
0.000000 	0.000000 	0.000000 	0.000000 	0.000000 	0.000000 	0.000000 	0.000000 	0.000000 	0.000000 	0.000000 	0.000000 	 
0.000000 	0.000000 	0.000000 	0.000000 	0.000000 	0.000000 	0.000000 	0.000000 	0.000000 	0.000000 	0.000000 	0.000000 	 
0.000000 	0.000000 	0.000000 	0.000000 	0.000000 	0.000000 	0.000000 	0.000000 	0.000000 	0.000000 	0.000000 	0.000000 	 
0.000000 	0.000000 	0.000000 	0.000000 	0.000000 	0.000000 	0.000000 	0.000000 	0.000000 	0.000000 	0.000000 	0.000000 	 
0.000000 	0.000000 	0.000000 	0.000000 	0.000000 	0.000000 	0.000000 	0.000000 	0.000000 	0.000000 	0.000000 	0.000000 	 
0.000000 	0.000000 	0.000000 	0.000000 	0.000000 	0.000000 	0.000000 	0.000000 	0.000000 	0.000000 	0.000000 	0.000000 	 
0.000000 	0.000000 	0.000000 	0.000000 	0.000000 	0.000000 	0.000000 	0.000000 	0.000000 	0.000000 	0.000000 	0.000000 	 
0.000000 	0.000000 	0.000000 	0.000000 	0.000000 	0.000000 	0.000000 	0.000000 	0.000000 	0.000000 	0.000000 	0.000000 	 
0.000000 	0.000000 	0.000000 	0.000000 	0.000000 	0.000000 	0.000000 	0.000000 	0.000000 	0.000000 	0.000000 	0.000000 	 
0.000000 	0.000000 	0.000000 	0.000000 	0.000000 	0.000000 	0.000000 	0.000000 	0.000000 	0.000000 	0.000000 	0.000000 	 
0.000000 	0.000000 	0.000000 	0.000000 	0.000000 	0.000000 	0.000000 	0.000000 	0.000000 	0.000000 	0.000000 	0.000000 	 
0.000000 	0.000000 	0.000000 	0.000000 	0.000000 	0.000000 	0.000000 	0.000000 	0.000000 	0.000000 	0.000000 	0.000000 	 
0.000000 	0.000000 	0.000000 	0.000000 	0.000000 	0.000000 	0.000000 	0.000000 	0.000000 	0.000000 	0.000000 	0.000000 	 
0.000000 	0.000000 	0.000000 	0.000000 	0.000000 	0.000000 	0.000000 	0.000000 	0.000000 	0.000000 	0.000000 	0.000000 	 
0.000000 	0.000000 	0.000000 	0.000000 	0.000000 	0.000000 	0.000000 	0.000000 	0.000000 	0.000000 	0.000000 	0.000000 	 
0.000000 	0.000000 	0.000000 	0.000000 	0.000000 	0.000000 	0.000000 	0.000000 	0.000000 	0.000000 	0.000000 	0.000000 	 
0.000000 	0.000000 	0.000000 	0.000000 	0.000000 	0.000000 	0.000000 	0.000000 	0.000000 	0.000000 	0.000000 	0.000000 	 
0.000000 	0.000000 	0.000000 	0.000000 	0.000000 	0.000000 	0.000000 	0.000000 	0.000000 	0.000000 	0.000000 	0.000000 	 
0.000000 	0.000000 	0.000000 	0.000000 	0.000000 	0.000000 	0.000000 	0.000000 	0.000000 	0.000000 	0.000000 	0.000000 	 
0.000000 	0.000000 	0.000000 	0.000000 	0.000000 	0.000000 	0.000000 	0.000000 	0.000000 	0.000000 	0.000000 	0.000000 	 
0.000000 	0.000000 	0.000000 	0.000000 	0.000000 	0.000000 	0.000000 	0.000000 	0.000000 	0.000000 	0.000000 	0.000000 	 
0.000000 	0.000000 	0.000000 	0.000000 	0.000000 	0.000000 	0.000000 	0.000000 	0.000000 	0.000000 	0.000000 	0.000000 	 
0.000000 	0.000000 	0.000000 	0.000000 	0.000000 	0.000000 	0.000000 	0.000000 	0.000000 	0.000000 	0.000000 	0.000000 	 
0.000000 	0.000000 	0.000000 	0.000000 	0.000000 	0.000000 	0.000000 	0.000000 	0.000000 	0.000000 	0.000000 	0.000000 	 
0.000000 	0.000000 	0.000000 	0.000000 	0.000000 	0.000000 	0.000000 	0.000000 	0.000000 	0.000000 	0.000000 	0.000000 	 
0.000000 	0.000000 	0.000000 	0.000000 	0.000000 	0.000000 	0.000000 	0.000000 	0.000000 	0.000000 	0.000000 	0.000000 	 
0.000000 	0.000000 	0.000000 	0.000000 	0.000000 	0.000000 	0.000000 	0.000000 	0.000000 	0.000000 	0.000000 	0.000000 	 
0.000000 	0.000000 	0.000000 	0.000000 	0.000000 	0.000000 	0.000000 	0.000000 	0.000000 	0.000000 	0.000000 	0.000000 	 
0.000000 	0.000000 	0.000000 	0.000000 	0.000000 	0.000000 	0.000000 	0.000000 	0.000000 	0.000000 	0.000000 	0.000000 	 
0.000000 	0.000000 	0.000000 	0.000000 	0.000000 	0.000000 	0.000000 	0.000000 	0.000000 	0.000000 	0.000000 	0.000000 	 
0.000000 	0.000000 	0.000000 	0.000000 	0.000000 	0.000000 	0.000000 	0.000000 	0.000000 	0.000000 	0.000000 	0.000000 	 
0.000000 	0.000000 	0.000000 	0.000000 	0.000000 	0.000000 	0.000000 	0.000000 	0.000000 	0.000000 	0.000000 	0.000000 	 
0.000000 	0.000000 	0.000000 	0.000000 	0.000000 	0.000000 	0.000000 	0.000000 	0.000000 	0.000000 	0.000000 	0.000000 	 
0.000000 	0.000000 	0.000000 	0.000000 	0.000000 	0.000000 	0.000000 	0.000000 	0.000000 	0.000000 	0.000000 	0.000000 	 
0.000000 	0.000000 	0.000000 	0.000000 	0.000000 	0.000000 	0.000000 	0.000000 	0.000000 	0.000000 	0.000000 	0.000000 	 
0.000000 	0.000000 	0.000000 	0.000000 	0.000000 	0.000000 	0.000000 	0.000000 	0.000000 	0.000000 	0.000000 	0.000000 	 
0.000000 	0.000000 	0.000000 	0.000000 	0.000000 	0.000000 	0.000000 	0.000000 	0.000000 	0.000000 	0.000000 	0.000000 	 
0.000000 	0.000000 	0.000000 	0.000000 	0.000000 	0.000000 	0.000000 	0.000000 	0.000000 	0.000000 	0.000000 	0.000000 	 
0.000000 	0.000000 	0.000000 	0.000000 	0.000000 	0.000000 	0.000000 	0.000000 	0.000000 	0.000000 	0.000000 	0.000000 	 
0.000000 	0.000000 	0.000000 	0.000000 	0.000000 	0.000000 	0.000000 	0.000000 	0.000000 	0.000000 	0.000000 	0.000000 	 
0.000000 	0.000000 	0.000000 	0.000000 	0.000000 	0.000000 	0.000000 	0.000000 	0.000000 	0.000000 	0.000000 	0.000000 	 
0.000000 	0.000000 	0.000000 	0.000000 	0.000000 	0.000000 	0.000000 	0.000000 	0.000000 	0.000000 	0.000000 	0.000000 	 
0.000000 	0.000000 	0.000000 	0.000000 	0.000000 	0.000000 	0.000000 	0.000000 	0.000000 	0.000000 	0.000000 	0.000000 	 
0.000000 	0.000000 	0.000000 	0.000000 	0.000000 	0.000000 	0.000000 	0.000000 	0.000000 	0.000000 	0.000000 	0.000000 	 
0.000000 	0.000000 	0.000000 	0.000000 	0.000000 	0.000000 	0.000000 	0.000000 	0.000000 	0.000000 	0.000000 	0.000000 	 
0.000000 	0.000000 	0.000000 	0.000000 	0.000000 	0.000000 	0.000000 	0.000000 	0.000000 	0.000000 	0.000000 	0.000000 	 
0.000000 	0.000000 	0.000000 	0.000000 	0.000000 	0.000000 	0.000000 	0.000000 	0.000000 	0.000000 	0.000000 	0.000000 	 
0.000000 	0.000000 	0.000000 	0.000000 	0.000000 	0.000000 	0.000000 	0.000000 	0.000000 	0.000000 	0.000000 	0.000000 	 
0.000000 	0.000000 	0.000000 	0.000000 	0.000000 	0.000000 	0.000000 	0.000000 	0.000000 	0.000000 	0.000000 	0.000000 	 
0.000000 	0.000000 	0.000000 	0.000000 	0.000000 	0.000000 	0.000000 	0.000000 	0.000000 	0.000000 	0.000000 	0.000000 	 
0.000000 	0.000000 	0.000000 	0.000000 	0.000000 	0.000000 	0.000000 	0.000000 	0.000000 	0.000000 	0.000000 	0.000000 	 
0.000000 	0.000000 	0.000000 	0.000000 	0.000000 	0.000000 	0.000000 	0.000000 	0.000000 	0.000000 	0.000000 	0.000000 	 
0.000000 	0.000000 	0.000000 	0.000000 	0.000000 	0.000000 	0.000000 	0.000000 	0.000000 	0.000000 	0.000000 	0.000000 	 
0.000000 	0.000000 	0.000000 	0.000000 	0.000000 	0.000000 	0.000000 	0.000000 	0.000000 	0.000000 	0.000000 	0.000000 	 
0.000000 	0.000000 	0.000000 	0.000000 	0.000000 	0.000000 	0.000000 	0.000000 	0.000000 	0.000000 	0.000000 	0.000000 	 
0.000000 	0.000000 	0.000000 	0.000000 	0.000000 	0.000000 	0.000000 	0.000000 	0.000000 	0.000000 	0.000000 	0.000000 	 
0.000000 	0.000000 	0.000000 	0.000000 	0.000000 	0.000000 	0.000000 	0.000000 	0.000000 	0.000000 	0.000000 	0.000000 	 
0.000000 	0.000000 	0.000000 	0.000000 	0.000000 	0.000000 	0.000000 	0.000000 	0.000000 	0.000000 	0.000000 	0.000000 	 
0.000000 	0.000000 	0.000000 	0.000000 	0.000000 	0.000000 	0.000000 	0.000000 	0.000000 	0.000000 	0.000000 	0.000000 	 
0.000000 	0.000000 	0.000000 	0.000000 	0.000000 	0.000000 	0.000000 	0.000000 	0.000000 	0.000000 	0.000000 	0.000000 	 
0.000000 	0.000000 	0.000000 	0.000000 	0.000000 	0.000000 	0.000000 	0.000000 	0.000000 	0.000000 	0.000000 	0.000000 	 
0.000000 	0.000000 	0.000000 	0.000000 	0.000000 	0.000000 	0.000000 	0.000000 	0.000000 	0.000000 	0.000000 	0.000000 	 
0.000000 	0.000000 	0.000000 	0.000000 	0.000000 	0.000000 	0.000000 	0.000000 	0.000000 	0.000000 	0.000000 	0.000000 	 
0.000000 	0.000000 	0.000000 	0.000000 	0.000000 	0.000000 	0.000000 	0.000000 	0.000000 	0.000000 	0.000000 	0.000000 	 
0.000000 	0.000000 	0.000000 	0.000000 	0.000000 	0.000000 	0.000000 	0.000000 	0.000000 	0.000000 	0.000000 	0.000000 	 
0.000000 	0.000000 	0.000000 	0.000000 	0.000000 	0.000000 	0.000000 	0.000000 	0.000000 	0.000000 	0.000000 	0.000000 	 
0.000000 	0.000000 	0.000000 	0.000000 	0.000000 	0.000000 	0.000000 	0.000000 	0.000000 	0.000000 	0.000000 	0.000000 	 
0.000000 	0.000000 	0.000000 	0.000000 	0.000000 	0.000000 	0.000000 	0.000000 	0.000000 	0.000000 	0.000000 	0.000000 	 
0.000000 	0.000000 	0.000000 	0.000000 	0.000000 	0.000000 	0.000000 	0.000000 	0.000000 	0.000000 	0.000000 	0.000000 	 
0.000000 	0.000000 	0.000000 	0.000000 	0.000000 	0.000000 	0.000000 	0.000000 	0.000000 	0.000000 	0.000000 	0.000000 	 
0.000000 	0.000000 	0.000000 	0.000000 	0.000000 	0.000000 	0.000000 	0.000000 	0.000000 	0.000000 	0.000000 	0.000000 	 
0.000000 	0.000000 	0.000000 	0.000000 	0.000000 	0.000000 	0.000000 	0.000000 	0.000000 	0.000000 	0.000000 	0.000000 	 
0.000000 	0.000000 	0.000000 	0.000000 	0.000000 	0.000000 	0.000000 	0.000000 	0.000000 	0.000000 	0.000000 	0.000000 	 
0.000000 	0.000000 	0.000000 	0.000000 	0.000000 	0.000000 	0.000000 	0.000000 	0.000000 	0.000000 	0.000000 	0.000000 	 
0.000000 	0.000000 	0.000000 	0.000000 	0.000000 	0.000000 	0.000000 	0.000000 	0.000000 	0.000000 	0.000000 	0.000000 	 
0.000000 	0.000000 	0.000000 	0.000000 	0.000000 	0.000000 	0.000000 	0.000000 	0.000000 	0.000000 	0.000000 	0.000000 	 
0.000000 	0.000000 	0.000000 	0.000000 	0.000000 	0.000000 	0.000000 	0.000000 	0.000000 	0.000000 	0.000000 	0.000000 	 
0.000000 	0.000000 	0.000000 	0.000000 	0.000000 	0.000000 	0.000000 	0.000000 	0.000000 	0.000000 	0.000000 	0.000000 	 
0.000000 	0.000000 	0.000000 	0.000000 	0.000000 	0.000000 	0.000000 	0.000000 	0.000000 	0.000000 	0.000000 	0.000000 	 
0.000000 	0.000000 	0.000000 	0.000000 	0.000000 	0.000000 	0.000000 	0.000000 	0.000000 	0.000000 	0.000000 	0.000000 	 
0.000000 	0.000000 	0.000000 	0.000000 	0.000000 	0.000000 	0.000000 	0.000000 	0.000000 	0.000000 	0.000000 	0.000000 	 
0.000000 	0.000000 	0.000000 	0.000000 	0.000000 	0.000000 	0.000000 	0.000000 	0.000000 	0.000000 	0.000000 	0.000000 	 
0.000000 	0.000000 	0.000000 	0.000000 	0.000000 	0.000000 	0.000000 	0.000000 	0.000000 	0.000000 	0.000000 	0.000000 	 
0.000000 	0.000000 	0.000000 	0.000000 	0.000000 	0.000000 	0.000000 	0.000000 	0.000000 	0.000000 	0.000000 	0.000000 	 
0.000000 	0.000000 	0.000000 	0.000000 	0.000000 	0.000000 	0.000000 	0.000000 	0.000000 	0.000000 	0.000000 	0.000000 	 
0.000000 	0.000000 	0.000000 	0.000000 	0.000000 	0.000000 	0.000000 	0.000000 	0.000000 	0.000000 	0.000000 	0.000000 	 
0.000000 	0.000000 	0.000000 	0.000000 	0.000000 	0.000000 	0.000000 	0.000000 	0.000000 	0.000000 	0.000000 	0.000000 	 
0.000000 	0.000000 	0.000000 	0.000000 	0.000000 	0.000000 	0.000000 	0.000000 	0.000000 	0.000000 	0.000000 	0.000000 	 
0.000000 	0.000000 	0.000000 	0.000000 	0.000000 	0.000000 	0.000000 	0.000000 	0.000000 	0.000000 	0.000000 	0.000000 	 
0.000000 	0.000000 	0.000000 	0.000000 	0.000000 	0.000000 	0.000000 	0.000000 	0.000000 	0.000000 	0.000000 	0.000000 	 
0.000000 	0.000000 	0.000000 	0.000000 	0.000000 	0.000000 	0.000000 	0.000000 	0.000000 	0.000000 	0.000000 	0.000000 	 
0.000000 	0.000000 	0.000000 	0.000000 	0.000000 	0.000000 	0.000000 	0.000000 	0.000000 	0.000000 	0.000000 	0.000000 	 
0.000000 	0.000000 	0.000000 	0.000000 	0.000000 	0.000000 	0.000000 	0.000000 	0.000000 	0.000000 	0.000000 	0.000000 	 
0.000000 	0.000000 	0.000000 	0.000000 	0.000000 	0.000000 	0.000000 	0.000000 	0.000000 	0.000000 	0.000000 	0.000000 	 
0.000000 	0.000000 	0.000000 	0.000000 	0.000000 	0.000000 	0.000000 	0.000000 	0.000000 	0.000000 	0.000000 	0.000000 	 
0.000000 	0.000000 	0.000000 	0.000000 	0.000000 	0.000000 	0.000000 	0.000000 	0.000000 	0.000000 	0.000000 	0.000000 	 
0.000000 	0.000000 	0.000000 	0.000000 	0.000000 	0.000000 	0.000000 	0.000000 	0.000000 	0.000000 	0.000000 	0.000000 	 
0.000000 	0.000000 	0.000000 	0.000000 	0.000000 	0.000000 	0.000000 	0.000000 	0.000000 	0.000000 	0.000000 	0.000000 	 
0.000000 	0.000000 	0.000000 	0.000000 	0.000000 	0.000000 	0.000000 	0.000000 	0.000000 	0.000000 	0.000000 	0.000000 	 
0.000000 	0.000000 	0.000000 	0.000000 	0.000000 	0.000000 	0.000000 	0.000000 	0.000000 	0.000000 	0.000000 	0.000000 	 
0.000000 	0.000000 	0.000000 	0.000000 	0.000000 	0.000000 	0.000000 	0.000000 	0.000000 	0.000000 	0.000000 	0.000000 	 
0.000000 	0.000000 	0.000000 	0.000000 	0.000000 	0.000000 	0.000000 	0.000000 	0.000000 	0.000000 	0.000000 	0.000000 	 
0.000000 	0.000000 	0.000000 	0.000000 	0.000000 	0.000000 	0.000000 	0.000000 	0.000000 	0.000000 	0.000000 	0.000000 	 
0.000000 	0.000000 	0.000000 	0.000000 	0.000000 	0.000000 	0.000000 	0.000000 	0.000000 	0.000000 	0.000000 	0.000000 	 
0.000000 	0.000000 	0.000000 	0.000000 	0.000000 	0.000000 	0.000000 	0.000000 	0.000000 	0.000000 	0.000000 	0.000000 	 
0.000000 	0.000000 	0.000000 	0.000000 	0.000000 	0.000000 	0.000000 	0.000000 	0.000000 	0.000000 	0.000000 	0.000000 	 
0.000000 	0.000000 	0.000000 	0.000000 	0.000000 	0.000000 	0.000000 	0.000000 	0.000000 	0.000000 	0.000000 	0.000000 	 
0.000000 	0.000000 	0.000000 	0.000000 	0.000000 	0.000000 	0.000000 	0.000000 	0.000000 	0.000000 	0.000000 	0.000000 	 
0.000000 	0.000000 	0.000000 	0.000000 	0.000000 	0.000000 	0.000000 	0.000000 	0.000000 	0.000000 	0.000000 	0.000000 	 
0.000000 	0.000000 	0.000000 	0.000000 	0.000000 	0.000000 	0.000000 	0.000000 	0.000000 	0.000000 	0.000000 	0.000000 	 
0.000000 	0.000000 	0.000000 	0.000000 	0.000000 	0.000000 	0.000000 	0.000000 	0.000000 	0.000000 	0.000000 	0.000000 	 
0.000000 	0.000000 	0.000000 	0.000000 	0.000000 	0.000000 	0.000000 	0.000000 	0.000000 	0.000000 	0.000000 	0.000000 	 
0.000000 	0.000000 	0.000000 	0.000000 	0.000000 	0.000000 	0.000000 	0.000000 	0.000000 	0.000000 	0.000000 	0.000000 	 
0.000000 	0.000000 	0.000000 	0.000000 	0.000000 	0.000000 	0.000000 	0.000000 	0.000000 	0.000000 	0.000000 	0.000000 	 
0.000000 	0.000000 	0.000000 	0.000000 	0.000000 	0.000000 	0.000000 	0.000000 	0.000000 	0.000000 	0.000000 	0.000000 	 
0.000000 	0.000000 	0.000000 	0.000000 	0.000000 	0.000000 	0.000000 	0.000000 	0.000000 	0.000000 	0.000000 	0.000000 	 
0.000000 	0.000000 	0.000000 	0.000000 	0.000000 	0.000000 	0.000000 	0.000000 	0.000000 	0.000000 	0.000000 	0.000000 	 
0.000000 	0.000000 	0.000000 	0.000000 	0.000000 	0.000000 	0.000000 	0.000000 	0.000000 	0.000000 	0.000000 	0.000000 	 
0.000000 	0.000000 	0.000000 	0.000000 	0.000000 	0.000000 	0.000000 	0.000000 	0.000000 	0.000000 	0.000000 	0.000000 	 
0.000000 	0.000000 	0.000000 	0.000000 	0.000000 	0.000000 	0.000000 	0.000000 	0.000000 	0.000000 	0.000000 	0.000000 	 
0.000000 	0.000000 	0.000000 	0.000000 	0.000000 	0.000000 	0.000000 	0.000000 	0.000000 	0.000000 	0.000000 	0.000000 	 
0.000000 	0.000000 	0.000000 	0.000000 	0.000000 	0.000000 	0.000000 	0.000000 	0.000000 	0.000000 	0.000000 	0.000000 	 
0.000000 	0.000000 	0.000000 	0.000000 	0.000000 	0.000000 	0.000000 	0.000000 	0.000000 	0.000000 	0.000000 	0.000000 	 
0.000000 	0.000000 	0.000000 	0.000000 	0.000000 	0.000000 	0.000000 	0.000000 	0.000000 	0.000000 	0.000000 	0.000000 	 
0.000000 	0.000000 	0.000000 	0.000000 	0.000000 	0.000000 	0.000000 	0.000000 	0.000000 	0.000000 	0.000000 	0.000000 	 
0.000000 	0.000000 	0.000000 	0.000000 	0.000000 	0.000000 	0.000000 	0.000000 	0.000000 	0.000000 	0.000000 	0.000000 	 
0.000000 	0.000000 	0.000000 	0.000000 	0.000000 	0.000000 	0.000000 	0.000000 	0.000000 	0.000000 	0.000000 	0.000000 	 
0.000000 	0.000000 	0.000000 	0.000000 	0.000000 	0.000000 	0.000000 	0.000000 	0.000000 	0.000000 	0.000000 	0.000000 	 
0.000000 	0.000000 	0.000000 	0.000000 	0.000000 	0.000000 	0.000000 	0.000000 	0.000000 	0.000000 	0.000000 	0.000000 	 
0.000000 	0.000000 	0.000000 	0.000000 	0.000000 	0.000000 	0.000000 	0.000000 	0.000000 	0.000000 	0.000000 	0.000000 	 
0.000000 	0.000000 	0.000000 	0.000000 	0.000000 	0.000000 	0.000000 	0.000000 	0.000000 	0.000000 	0.000000 	0.000000 	 
0.000000 	0.000000 	0.000000 	0.000000 	0.000000 	0.000000 	0.000000 	0.000000 	0.000000 	0.000000 	0.000000 	0.000000 	 
0.000000 	0.000000 	0.000000 	0.000000 	0.000000 	0.000000 	0.000000 	0.000000 	0.000000 	0.000000 	0.000000 	0.000000 	 
0.000000 	0.000000 	0.000000 	0.000000 	0.000000 	0.000000 	0.000000 	0.000000 	0.000000 	0.000000 	0.000000 	0.000000 	 
0.000000 	0.000000 	0.000000 	0.000000 	0.000000 	0.000000 	0.000000 	0.000000 	0.000000 	0.000000 	0.000000 	0.000000 	 
0.000000 	0.000000 	0.000000 	0.000000 	0.000000 	0.000000 	0.000000 	0.000000 	0.000000 	0.000000 	0.000000 	0.000000 	 
0.000000 	0.000000 	0.000000 	0.000000 	0.000000 	0.000000 	0.000000 	0.000000 	0.000000 	0.000000 	0.000000 	0.000000 	 
0.000000 	0.000000 	0.000000 	0.000000 	0.000000 	0.000000 	0.000000 	0.000000 	0.000000 	0.000000 	0.000000 	0.000000 	 
0.000000 	0.000000 	0.000000 	0.000000 	0.000000 	0.000000 	0.000000 	0.000000 	0.000000 	0.000000 	0.000000 	0.000000 	 
0.000000 	0.000000 	0.000000 	0.000000 	0.000000 	0.000000 	0.000000 	0.000000 	0.000000 	0.000000 	0.000000 	0.000000 	 
0.000000 	0.000000 	0.000000 	0.000000 	0.000000 	0.000000 	0.000000 	0.000000 	0.000000 	0.000000 	0.000000 	0.000000 	 
0.000000 	0.000000 	0.000000 	0.000000 	0.000000 	0.000000 	0.000000 	0.000000 	0.000000 	0.000000 	0.000000 	0.000000 	 
0.000000 	0.000000 	0.000000 	0.000000 	0.000000 	0.000000 	0.000000 	0.000000 	0.000000 	0.000000 	0.000000 	0.000000 	 
0.000000 	0.000000 	0.000000 	0.000000 	0.000000 	0.000000 	0.000000 	0.000000 	0.000000 	0.000000 	0.000000 	0.000000 	 
0.000000 	0.000000 	0.000000 	0.000000 	0.000000 	0.000000 	0.000000 	0.000000 	0.000000 	0.000000 	0.000000 	0.000000 	 
0.000000 	0.000000 	0.000000 	0.000000 	0.000000 	0.000000 	0.000000 	0.000000 	0.000000 	0.000000 	0.000000 	0.000000 	 
0.000000 	0.000000 	0.000000 	0.000000 	0.000000 	0.000000 	0.000000 	0.000000 	0.000000 	0.000000 	0.000000 	0.000000 	 
0.000000 	0.000000 	0.000000 	0.000000 	0.000000 	0.000000 	0.000000 	0.000000 	0.000000 	0.000000 	0.000000 	0.000000 	 
0.000000 	0.000000 	0.000000 	0.000000 	0.000000 	0.000000 	0.000000 	0.000000 	0.000000 	0.000000 	0.000000 	0.000000 	 
0.000000 	0.000000 	0.000000 	0.000000 	0.000000 	0.000000 	0.000000 	0.000000 	0.000000 	0.000000 	0.000000 	0.000000 	 
0.000000 	0.000000 	0.000000 	0.000000 	0.000000 	0.000000 	0.000000 	0.000000 	0.000000 	0.000000 	0.000000 	0.000000 	 
0.000000 	0.000000 	0.000000 	0.000000 	0.000000 	0.000000 	0.000000 	0.000000 	0.000000 	0.000000 	0.000000 	0.000000 	 
0.000000 	0.000000 	0.000000 	0.000000 	0.000000 	0.000000 	0.000000 	0.000000 	0.000000 	0.000000 	0.000000 	0.000000 	 
0.000000 	0.000000 	0.000000 	0.000000 	0.000000 	0.000000 	0.000000 	0.000000 	0.000000 	0.000000 	0.000000 	0.000000 	 
0.000000 	0.000000 	0.000000 	0.000000 	0.000000 	0.000000 	0.000000 	0.000000 	0.000000 	0.000000 	0.000000 	0.000000 	 
0.000000 	0.000000 	0.000000 	0.000000 	0.000000 	0.000000 	0.000000 	0.000000 	0.000000 	0.000000 	0.000000 	0.000000 	 
0.000000 	0.000000 	0.000000 	0.000000 	0.000000 	0.000000 	0.000000 	0.000000 	0.000000 	0.000000 	0.000000 	0.000000 	 
0.000000 	0.000000 	0.000000 	0.000000 	0.000000 	0.000000 	0.000000 	0.000000 	0.000000 	0.000000 	0.000000 	0.000000 	 
0.000000 	0.000000 	0.000000 	0.000000 	0.000000 	0.000000 	0.000000 	0.000000 	0.000000 	0.000000 	0.000000 	0.000000 	 
0.000000 	0.000000 	0.000000 	0.000000 	0.000000 	0.000000 	0.000000 	0.000000 	0.000000 	0.000000 	0.000000 	0.000000 	 
0.000000 	0.000000 	0.000000 	0.000000 	0.000000 	0.000000 	0.000000 	0.000000 	0.000000 	0.000000 	0.000000 	0.000000 	 
0.000000 	0.000000 	0.000000 	0.000000 	0.000000 	0.000000 	0.000000 	0.000000 	0.000000 	0.000000 	0.000000 	0.000000 	 
0.000000 	0.000000 	0.000000 	0.000000 	0.000000 	0.000000 	0.000000 	0.000000 	0.000000 	0.000000 	0.000000 	0.000000 	 
0.000000 	0.000000 	0.000000 	0.000000 	0.000000 	0.000000 	0.000000 	0.000000 	0.000000 	0.000000 	0.000000 	0.000000 	 
0.000000 	0.000000 	0.000000 	0.000000 	0.000000 	0.000000 	0.000000 	0.000000 	0.000000 	0.000000 	0.000000 	0.000000 	 
0.000000 	0.000000 	0.000000 	0.000000 	0.000000 	0.000000 	0.000000 	0.000000 	0.000000 	0.000000 	0.000000 	0.000000 	 
0.000000 	0.000000 	0.000000 	0.000000 	0.000000 	0.000000 	0.000000 	0.000000 	0.000000 	0.000000 	0.000000 	0.000000 	 
0.000000 	0.000000 	0.000000 	0.000000 	0.000000 	0.000000 	0.000000 	0.000000 	0.000000 	0.000000 	0.000000 	0.000000 	 
0.000000 	0.000000 	0.000000 	0.000000 	0.000000 	0.000000 	0.000000 	0.000000 	0.000000 	0.000000 	0.000000 	0.000000 	 
0.000000 	0.000000 	0.000000 	0.000000 	0.000000 	0.000000 	0.000000 	0.000000 	0.000000 	0.000000 	0.000000 	0.000000 	 
0.000000 	0.000000 	0.000000 	0.000000 	0.000000 	0.000000 	0.000000 	0.000000 	0.000000 	0.000000 	0.000000 	0.000000 	 
0.000000 	0.000000 	0.000000 	0.000000 	0.000000 	0.000000 	0.000000 	0.000000 	0.000000 	0.000000 	0.000000 	0.000000 	 
0.000000 	0.000000 	0.000000 	0.000000 	0.000000 	0.000000 	0.000000 	0.000000 	0.000000 	0.000000 	0.000000 	0.000000 	 
0.000000 	0.000000 	0.000000 	0.000000 	0.000000 	0.000000 	0.000000 	0.000000 	0.000000 	0.000000 	0.000000 	0.000000 	 
0.000000 	0.000000 	0.000000 	0.000000 	0.000000 	0.000000 	0.000000 	0.000000 	0.000000 	0.000000 	0.000000 	0.000000 	 
0.000000 	0.000000 	0.000000 	0.000000 	0.000000 	0.000000 	0.000000 	0.000000 	0.000000 	0.000000 	0.000000 	0.000000 	 
0.000000 	0.000000 	0.000000 	0.000000 	0.000000 	0.000000 	0.000000 	0.000000 	0.000000 	0.000000 	0.000000 	0.000000 	 
0.000000 	0.000000 	0.000000 	0.000000 	0.000000 	0.000000 	0.000000 	0.000000 	0.000000 	0.000000 	0.000000 	0.000000 	 
0.000000 	0.000000 	0.000000 	0.000000 	0.000000 	0.000000 	0.000000 	0.000000 	0.000000 	0.000000 	0.000000 	0.000000 	 
0.000000 	0.000000 	0.000000 	0.000000 	0.000000 	0.000000 	0.000000 	0.000000 	0.000000 	0.000000 	0.000000 	0.000000 	 
0.000000 	0.000000 	0.000000 	0.000000 	0.000000 	0.000000 	0.000000 	0.000000 	0.000000 	0.000000 	0.000000 	0.000000 	 
0.000000 	0.000000 	0.000000 	0.000000 	0.000000 	0.000000 	0.000000 	0.000000 	0.000000 	0.000000 	0.000000 	0.000000 	 
0.000000 	0.000000 	0.000000 	0.000000 	0.000000 	0.000000 	0.000000 	0.000000 	0.000000 	0.000000 	0.000000 	0.000000 	 
0.000000 	0.000000 	0.000000 	0.000000 	0.000000 	0.000000 	0.000000 	0.000000 	0.000000 	0.000000 	0.000000 	0.000000 	 
0.000000 	0.000000 	0.000000 	0.000000 	0.000000 	0.000000 	0.000000 	0.000000 	0.000000 	0.000000 	0.000000 	0.000000 	 
0.000000 	0.000000 	0.000000 	0.000000 	0.000000 	0.000000 	0.000000 	0.000000 	0.000000 	0.000000 	0.000000 	0.000000 	 
0.000000 	0.000000 	0.000000 	0.000000 	0.000000 	0.000000 	0.000000 	0.000000 	0.000000 	0.000000 	0.000000 	0.000000 	 
0.000000 	0.000000 	0.000000 	0.000000 	0.000000 	0.000000 	0.000000 	0.000000 	0.000000 	0.000000 	0.000000 	0.000000 	 
0.000000 	0.000000 	0.000000 	0.000000 	0.000000 	0.000000 	0.000000 	0.000000 	0.000000 	0.000000 	0.000000 	0.000000 	 
0.000000 	0.000000 	0.000000 	0.000000 	0.000000 	0.000000 	0.000000 	0.000000 	0.000000 	0.000000 	0.000000 	0.000000 	 
0.000000 	0.000000 	0.000000 	0.000000 	0.000000 	0.000000 	0.000000 	0.000000 	0.000000 	0.000000 	0.000000 	0.000000 	 
0.000000 	0.000000 	0.000000 	0.000000 	0.000000 	0.000000 	0.000000 	0.000000 	0.000000 	0.000000 	0.000000 	0.000000 	 
0.000000 	0.000000 	0.000000 	0.000000 	0.000000 	0.000000 	0.000000 	0.000000 	0.000000 	0.000000 	0.000000 	0.000000 	 
0.000000 	0.000000 	0.000000 	0.000000 	0.000000 	0.000000 	0.000000 	0.000000 	0.000000 	0.000000 	0.000000 	0.000000 	 
0.000000 	0.000000 	0.000000 	0.000000 	0.000000 	0.000000 	0.000000 	0.000000 	0.000000 	0.000000 	0.000000 	0.000000 	 
0.000000 	0.000000 	0.000000 	0.000000 	0.000000 	0.000000 	0.000000 	0.000000 	0.000000 	0.000000 	0.000000 	0.000000 	 
0.000000 	0.000000 	0.000000 	0.000000 	0.000000 	0.000000 	0.000000 	0.000000 	0.000000 	0.000000 	0.000000 	0.000000 	 
0.000000 	0.000000 	0.000000 	0.000000 	0.000000 	0.000000 	0.000000 	0.000000 	0.000000 	0.000000 	0.000000 	0.000000 	 
0.000000 	0.000000 	0.000000 	0.000000 	0.000000 	0.000000 	0.000000 	0.000000 	0.000000 	0.000000 	0.000000 	0.000000 	 
0.000000 	0.000000 	0.000000 	0.000000 	0.000000 	0.000000 	0.000000 	0.000000 	0.000000 	0.000000 	0.000000 	0.000000 	 
0.000000 	0.000000 	0.000000 	0.000000 	0.000000 	0.000000 	0.000000 	0.000000 	0.000000 	0.000000 	0.000000 	0.000000 	 
0.000000 	0.000000 	0.000000 	0.000000 	0.000000 	0.000000 	0.000000 	0.000000 	0.000000 	0.000000 	0.000000 	0.000000 	 
0.000000 	0.000000 	0.000000 	0.000000 	0.000000 	0.000000 	0.000000 	0.000000 	0.000000 	0.000000 	0.000000 	0.000000 	 
0.000000 	0.000000 	0.000000 	0.000000 	0.000000 	0.000000 	0.000000 	0.000000 	0.000000 	0.000000 	0.000000 	0.000000 	 
0.000000 	0.000000 	0.000000 	0.000000 	0.000000 	0.000000 	0.000000 	0.000000 	0.000000 	0.000000 	0.000000 	0.000000 	 
0.000000 	0.000000 	0.000000 	0.000000 	0.000000 	0.000000 	0.000000 	0.000000 	0.000000 	0.000000 	0.000000 	0.000000 	 
0.000000 	0.000000 	0.000000 	0.000000 	0.000000 	0.000000 	0.000000 	0.000000 	0.000000 	0.000000 	0.000000 	0.000000 	 
0.000000 	0.000000 	0.000000 	0.000000 	0.000000 	0.000000 	0.000000 	0.000000 	0.000000 	0.000000 	0.000000 	0.000000 	 
0.000000 	0.000000 	0.000000 	0.000000 	0.000000 	0.000000 	0.000000 	0.000000 	0.000000 	0.000000 	0.000000 	0.000000 	 
0.000000 	0.000000 	0.000000 	0.000000 	0.000000 	0.000000 	0.000000 	0.000000 	0.000000 	0.000000 	0.000000 	0.000000 	 
0.000000 	0.000000 	0.000000 	0.000000 	0.000000 	0.000000 	0.000000 	0.000000 	0.000000 	0.000000 	0.000000 	0.000000 	 
0.000000 	0.000000 	0.000000 	0.000000 	0.000000 	0.000000 	0.000000 	0.000000 	0.000000 	0.000000 	0.000000 	0.000000 	 
0.000000 	0.000000 	0.000000 	0.000000 	0.000000 	0.000000 	0.000000 	0.000000 	0.000000 	0.000000 	0.000000 	0.000000 	 
0.000000 	0.000000 	0.000000 	0.000000 	0.000000 	0.000000 	0.000000 	0.000000 	0.000000 	0.000000 	0.000000 	0.000000 	 
0.000000 	0.000000 	0.000000 	0.000000 	0.000000 	0.000000 	0.000000 	0.000000 	0.000000 	0.000000 	0.000000 	0.000000 	 
0.000000 	0.000000 	0.000000 	0.000000 	0.000000 	0.000000 	0.000000 	0.000000 	0.000000 	0.000000 	0.000000 	0.000000 	 
0.000000 	0.000000 	0.000000 	0.000000 	0.000000 	0.000000 	0.000000 	0.000000 	0.000000 	0.000000 	0.000000 	0.000000 	 
0.000000 	0.000000 	0.000000 	0.000000 	0.000000 	0.000000 	0.000000 	0.000000 	0.000000 	0.000000 	0.000000 	0.000000 	 
0.000000 	0.000000 	0.000000 	0.000000 	0.000000 	0.000000 	0.000000 	0.000000 	0.000000 	0.000000 	0.000000 	0.000000 	 
0.000000 	0.000000 	0.000000 	0.000000 	0.000000 	0.000000 	0.000000 	0.000000 	0.000000 	0.000000 	0.000000 	0.000000 	 
0.000000 	0.000000 	0.000000 	0.000000 	0.000000 	0.000000 	0.000000 	0.000000 	0.000000 	0.000000 	0.000000 	0.000000 	 
0.000000 	0.000000 	0.000000 	0.000000 	0.000000 	0.000000 	0.000000 	0.000000 	0.000000 	0.000000 	0.000000 	0.000000 	 
0.000000 	0.000000 	0.000000 	0.000000 	0.000000 	0.000000 	0.000000 	0.000000 	0.000000 	0.000000 	0.000000 	0.000000 	 
0.000000 	0.000000 	0.000000 	0.000000 	0.000000 	0.000000 	0.000000 	0.000000 	0.000000 	0.000000 	0.000000 	0.000000 	 
0.000000 	0.000000 	0.000000 	0.000000 	0.000000 	0.000000 	0.000000 	0.000000 	0.000000 	0.000000 	0.000000 	0.000000 	 
0.000000 	0.000000 	0.000000 	0.000000 	0.000000 	0.000000 	0.000000 	0.000000 	0.000000 	0.000000 	0.000000 	0.000000 	 
0.000000 	0.000000 	0.000000 	0.000000 	0.000000 	0.000000 	0.000000 	0.000000 	0.000000 	0.000000 	0.000000 	0.000000 	 
0.000000 	0.000000 	0.000000 	0.000000 	0.000000 	0.000000 	0.000000 	0.000000 	0.000000 	0.000000 	0.000000 	0.000000 	 
0.000000 	0.000000 	0.000000 	0.000000 	0.000000 	0.000000 	0.000000 	0.000000 	0.000000 	0.000000 	0.000000 	0.000000 	 
0.000000 	0.000000 	0.000000 	0.000000 	0.000000 	0.000000 	0.000000 	0.000000 	0.000000 	0.000000 	0.000000 	0.000000 	 
0.000000 	0.000000 	0.000000 	0.000000 	0.000000 	0.000000 	0.000000 	0.000000 	0.000000 	0.000000 	0.000000 	0.000000 	 
0.000000 	0.000000 	0.000000 	0.000000 	0.000000 	0.000000 	0.000000 	0.000000 	0.000000 	0.000000 	0.000000 	0.000000 	 
0.000000 	0.000000 	0.000000 	0.000000 	0.000000 	0.000000 	0.000000 	0.000000 	0.000000 	0.000000 	0.000000 	0.000000 	 
0.000000 	0.000000 	0.000000 	0.000000 	0.000000 	0.000000 	0.000000 	0.000000 	0.000000 	0.000000 	0.000000 	0.000000 	 
0.000000 	0.000000 	0.000000 	0.000000 	0.000000 	0.000000 	0.000000 	0.000000 	0.000000 	0.000000 	0.000000 	0.000000 	 
0.000000 	0.000000 	0.000000 	0.000000 	0.000000 	0.000000 	0.000000 	0.000000 	0.000000 	0.000000 	0.000000 	0.000000 	 
0.000000 	0.000000 	0.000000 	0.000000 	0.000000 	0.000000 	0.000000 	0.000000 	0.000000 	0.000000 	0.000000 	0.000000 	 
0.000000 	0.000000 	0.000000 	0.000000 	0.000000 	0.000000 	0.000000 	0.000000 	0.000000 	0.000000 	0.000000 	0.000000 	 
0.000000 	0.000000 	0.000000 	0.000000 	0.000000 	0.000000 	0.000000 	0.000000 	0.000000 	0.000000 	0.000000 	0.000000 	 
0.000000 	0.000000 	0.000000 	0.000000 	0.000000 	0.000000 	0.000000 	0.000000 	0.000000 	0.000000 	0.000000 	0.000000 	 
0.000000 	0.000000 	0.000000 	0.000000 	0.000000 	0.000000 	0.000000 	0.000000 	0.000000 	0.000000 	0.000000 	0.000000 	 
0.000000 	0.000000 	0.000000 	0.000000 	0.000000 	0.000000 	0.000000 	0.000000 	0.000000 	0.000000 	0.000000 	0.000000 	 
0.000000 	0.000000 	0.000000 	0.000000 	0.000000 	0.000000 	0.000000 	0.000000 	0.000000 	0.000000 	0.000000 	0.000000 	 
0.000000 	0.000000 	0.000000 	0.000000 	0.000000 	0.000000 	0.000000 	0.000000 	0.000000 	0.000000 	0.000000 	0.000000 	 
0.000000 	0.000000 	0.000000 	0.000000 	0.000000 	0.000000 	0.000000 	0.000000 	0.000000 	0.000000 	0.000000 	0.000000 	 
0.000000 	0.000000 	0.000000 	0.000000 	0.000000 	0.000000 	0.000000 	0.000000 	0.000000 	0.000000 	0.000000 	0.000000 	 
0.000000 	0.000000 	0.000000 	0.000000 	0.000000 	0.000000 	0.000000 	0.000000 	0.000000 	0.000000 	0.000000 	0.000000 	 
0.000000 	0.000000 	0.000000 	0.000000 	0.000000 	0.000000 	0.000000 	0.000000 	0.000000 	0.000000 	0.000000 	0.000000 	 
0.000000 	0.000000 	0.000000 	0.000000 	0.000000 	0.000000 	0.000000 	0.000000 	0.000000 	0.000000 	0.000000 	0.000000 	 
0.000000 	0.000000 	0.000000 	0.000000 	0.000000 	0.000000 	0.000000 	0.000000 	0.000000 	0.000000 	0.000000 	0.000000 	 
0.000000 	0.000000 	0.000000 	0.000000 	0.000000 	0.000000 	0.000000 	0.000000 	0.000000 	0.000000 	0.000000 	0.000000 	 
0.000000 	0.000000 	0.000000 	0.000000 	0.000000 	0.000000 	0.000000 	0.000000 	0.000000 	0.000000 	0.000000 	0.000000 	 
0.000000 	0.000000 	0.000000 	0.000000 	0.000000 	0.000000 	0.000000 	0.000000 	0.000000 	0.000000 	0.000000 	0.000000 	 
0.000000 	0.000000 	0.000000 	0.000000 	0.000000 	0.000000 	0.000000 	0.000000 	0.000000 	0.000000 	0.000000 	0.000000 	 
0.000000 	0.000000 	0.000000 	0.000000 	0.000000 	0.000000 	0.000000 	0.000000 	0.000000 	0.000000 	0.000000 	0.000000 	 
0.000000 	0.000000 	0.000000 	0.000000 	0.000000 	0.000000 	0.000000 	0.000000 	0.000000 	0.000000 	0.000000 	0.000000 	 
0.000000 	0.000000 	0.000000 	0.000000 	0.000000 	0.000000 	0.000000 	0.000000 	0.000000 	0.000000 	0.000000 	0.000000 	 
0.000000 	0.000000 	0.000000 	0.000000 	0.000000 	0.000000 	0.000000 	0.000000 	0.000000 	0.000000 	0.000000 	0.000000 	 
0.000000 	0.000000 	0.000000 	0.000000 	0.000000 	0.000000 	0.000000 	0.000000 	0.000000 	0.000000 	0.000000 	0.000000 	 
0.000000 	0.000000 	0.000000 	0.000000 	0.000000 	0.000000 	0.000000 	0.000000 	0.000000 	0.000000 	0.000000 	0.000000 	 
0.000000 	0.000000 	0.000000 	0.000000 	0.000000 	0.000000 	0.000000 	0.000000 	0.000000 	0.000000 	0.000000 	0.000000 	 
0.000000 	0.000000 	0.000000 	0.000000 	0.000000 	0.000000 	0.000000 	0.000000 	0.000000 	0.000000 	0.000000 	0.000000 	 
0.000000 	0.000000 	0.000000 	0.000000 	0.000000 	0.000000 	0.000000 	0.000000 	0.000000 	0.000000 	0.000000 	0.000000 	 
0.000000 	0.000000 	0.000000 	0.000000 	0.000000 	0.000000 	0.000000 	0.000000 	0.000000 	0.000000 	0.000000 	0.000000 	 
0.000000 	0.000000 	0.000000 	0.000000 	0.000000 	0.000000 	0.000000 	0.000000 	0.000000 	0.000000 	0.000000 	0.000000 	 
0.000000 	0.000000 	0.000000 	0.000000 	0.000000 	0.000000 	0.000000 	0.000000 	0.000000 	0.000000 	0.000000 	0.000000 	 
0.000000 	0.000000 	0.000000 	0.000000 	0.000000 	0.000000 	0.000000 	0.000000 	0.000000 	0.000000 	0.000000 	0.000000 	 
0.000000 	0.000000 	0.000000 	0.000000 	0.000000 	0.000000 	0.000000 	0.000000 	0.000000 	0.000000 	0.000000 	0.000000 	 
0.000000 	0.000000 	0.000000 	0.000000 	0.000000 	0.000000 	0.000000 	0.000000 	0.000000 	0.000000 	0.000000 	0.000000 	 
0.000000 	0.000000 	0.000000 	0.000000 	0.000000 	0.000000 	0.000000 	0.000000 	0.000000 	0.000000 	0.000000 	0.000000 	 
0.000000 	0.000000 	0.000000 	0.000000 	0.000000 	0.000000 	0.000000 	0.000000 	0.000000 	0.000000 	0.000000 	0.000000 	 
0.000000 	0.000000 	0.000000 	0.000000 	0.000000 	0.000000 	0.000000 	0.000000 	0.000000 	0.000000 	0.000000 	0.000000 	 
0.000000 	0.000000 	0.000000 	0.000000 	0.000000 	0.000000 	0.000000 	0.000000 	0.000000 	0.000000 	0.000000 	0.000000 	 
0.000000 	0.000000 	0.000000 	0.000000 	0.000000 	0.000000 	0.000000 	0.000000 	0.000000 	0.000000 	0.000000 	0.000000 	 
0.000000 	0.000000 	0.000000 	0.000000 	0.000000 	0.000000 	0.000000 	0.000000 	0.000000 	0.000000 	0.000000 	0.000000 	 
0.000000 	0.000000 	0.000000 	0.000000 	0.000000 	0.000000 	0.000000 	0.000000 	0.000000 	0.000000 	0.000000 	0.000000 	 
0.000000 	0.000000 	0.000000 	0.000000 	0.000000 	0.000000 	0.000000 	0.000000 	0.000000 	0.000000 	0.000000 	0.000000 	 
0.000000 	0.000000 	0.000000 	0.000000 	0.000000 	0.000000 	0.000000 	0.000000 	0.000000 	0.000000 	0.000000 	0.000000 	 
0.000000 	0.000000 	0.000000 	0.000000 	0.000000 	0.000000 	0.000000 	0.000000 	0.000000 	0.000000 	0.000000 	0.000000 	 
0.000000 	0.000000 	0.000000 	0.000000 	0.000000 	0.000000 	0.000000 	0.000000 	0.000000 	0.000000 	0.000000 	0.000000 	 
0.000000 	0.000000 	0.000000 	0.000000 	0.000000 	0.000000 	0.000000 	0.000000 	0.000000 	0.000000 	0.000000 	0.000000 	 
0.000000 	0.000000 	0.000000 	0.000000 	0.000000 	0.000000 	0.000000 	0.000000 	0.000000 	0.000000 	0.000000 	0.000000 	 
0.000000 	0.000000 	0.000000 	0.000000 	0.000000 	0.000000 	0.000000 	0.000000 	0.000000 	0.000000 	0.000000 	0.000000 	 
0.000000 	0.000000 	0.000000 	0.000000 	0.000000 	0.000000 	0.000000 	0.000000 	0.000000 	0.000000 	0.000000 	0.000000 	 
0.000000 	0.000000 	0.000000 	0.000000 	0.000000 	0.000000 	0.000000 	0.000000 	0.000000 	0.000000 	0.000000 	0.000000 	 
0.000000 	0.000000 	0.000000 	0.000000 	0.000000 	0.000000 	0.000000 	0.000000 	0.000000 	0.000000 	0.000000 	0.000000 	 
0.000000 	0.000000 	0.000000 	0.000000 	0.000000 	0.000000 	0.000000 	0.000000 	0.000000 	0.000000 	0.000000 	0.000000 	 
0.000000 	0.000000 	0.000000 	0.000000 	0.000000 	0.000000 	0.000000 	0.000000 	0.000000 	0.000000 	0.000000 	0.000000 	 
0.000000 	0.000000 	0.000000 	0.000000 	0.000000 	0.000000 	0.000000 	0.000000 	0.000000 	0.000000 	0.000000 	0.000000 	 
0.000000 	0.000000 	0.000000 	0.000000 	0.000000 	0.000000 	0.000000 	0.000000 	0.000000 	0.000000 	0.000000 	0.000000 	 
0.000000 	0.000000 	0.000000 	0.000000 	0.000000 	0.000000 	0.000000 	0.000000 	0.000000 	0.000000 	0.000000 	0.000000 	 
0.000000 	0.000000 	0.000000 	0.000000 	0.000000 	0.000000 	0.000000 	0.000000 	0.000000 	0.000000 	0.000000 	0.000000 	 
0.000000 	0.000000 	0.000000 	0.000000 	0.000000 	0.000000 	0.000000 	0.000000 	0.000000 	0.000000 	0.000000 	0.000000 	 
0.000000 	0.000000 	0.000000 	0.000000 	0.000000 	0.000000 	0.000000 	0.000000 	0.000000 	0.000000 	0.000000 	0.000000 	 
0.000000 	0.000000 	0.000000 	0.000000 	0.000000 	0.000000 	0.000000 	0.000000 	0.000000 	0.000000 	0.000000 	0.000000 	 
0.000000 	0.000000 	0.000000 	0.000000 	0.000000 	0.000000 	0.000000 	0.000000 	0.000000 	0.000000 	0.000000 	0.000000 	 
0.000000 	0.000000 	0.000000 	0.000000 	0.000000 	0.000000 	0.000000 	0.000000 	0.000000 	0.000000 	0.000000 	0.000000 	 
0.000000 	0.000000 	0.000000 	0.000000 	0.000000 	0.000000 	0.000000 	0.000000 	0.000000 	0.000000 	0.000000 	0.000000 	 
0.000000 	0.000000 	0.000000 	0.000000 	0.000000 	0.000000 	0.000000 	0.000000 	0.000000 	0.000000 	0.000000 	0.000000 	 
0.000000 	0.000000 	0.000000 	0.000000 	0.000000 	0.000000 	0.000000 	0.000000 	0.000000 	0.000000 	0.000000 	0.000000 	 
0.000000 	0.000000 	0.000000 	0.000000 	0.000000 	0.000000 	0.000000 	0.000000 	0.000000 	0.000000 	0.000000 	0.000000 	 
0.000000 	0.000000 	0.000000 	0.000000 	0.000000 	0.000000 	0.000000 	0.000000 	0.000000 	0.000000 	0.000000 	0.000000 	 
0.000000 	0.000000 	0.000000 	0.000000 	0.000000 	0.000000 	0.000000 	0.000000 	0.000000 	0.000000 	0.000000 	0.000000 	 
0.000000 	0.000000 	0.000000 	0.000000 	0.000000 	0.000000 	0.000000 	0.000000 	0.000000 	0.000000 	0.000000 	0.000000 	 
0.000000 	0.000000 	0.000000 	0.000000 	0.000000 	0.000000 	0.000000 	0.000000 	0.000000 	0.000000 	0.000000 	0.000000 	 
0.000000 	0.000000 	0.000000 	0.000000 	0.000000 	0.000000 	0.000000 	0.000000 	0.000000 	0.000000 	0.000000 	0.000000 	 
0.000000 	0.000000 	0.000000 	0.000000 	0.000000 	0.000000 	0.000000 	0.000000 	0.000000 	0.000000 	0.000000 	0.000000 	 
0.000000 	0.000000 	0.000000 	0.000000 	0.000000 	0.000000 	0.000000 	0.000000 	0.000000 	0.000000 	0.000000 	0.000000 	 
0.000000 	0.000000 	0.000000 	0.000000 	0.000000 	0.000000 	0.000000 	0.000000 	0.000000 	0.000000 	0.000000 	0.000000 	 
0.000000 	0.000000 	0.000000 	0.000000 	0.000000 	0.000000 	0.000000 	0.000000 	0.000000 	0.000000 	0.000000 	0.000000 	 
0.000000 	0.000000 	0.000000 	0.000000 	0.000000 	0.000000 	0.000000 	0.000000 	0.000000 	0.000000 	0.000000 	0.000000 	 
0.000000 	0.000000 	0.000000 	0.000000 	0.000000 	0.000000 	0.000000 	0.000000 	0.000000 	0.000000 	0.000000 	0.000000 	 
0.000000 	0.000000 	0.000000 	0.000000 	0.000000 	0.000000 	0.000000 	0.000000 	0.000000 	0.000000 	0.000000 	0.000000 	 
0.000000 	0.000000 	0.000000 	0.000000 	0.000000 	0.000000 	0.000000 	0.000000 	0.000000 	0.000000 	0.000000 	0.000000 	 
0.000000 	0.000000 	0.000000 	0.000000 	0.000000 	0.000000 	0.000000 	0.000000 	0.000000 	0.000000 	0.000000 	0.000000 	 
0.000000 	0.000000 	0.000000 	0.000000 	0.000000 	0.000000 	0.000000 	0.000000 	0.000000 	0.000000 	0.000000 	0.000000 	 
0.000000 	0.000000 	0.000000 	0.000000 	0.000000 	0.000000 	0.000000 	0.000000 	0.000000 	0.000000 	0.000000 	0.000000 	 
0.000000 	0.000000 	0.000000 	0.000000 	0.000000 	0.000000 	0.000000 	0.000000 	0.000000 	0.000000 	0.000000 	0.000000 	 
0.000000 	0.000000 	0.000000 	0.000000 	0.000000 	0.000000 	0.000000 	0.000000 	0.000000 	0.000000 	0.000000 	0.000000 	 
0.000000 	0.000000 	0.000000 	0.000000 	0.000000 	0.000000 	0.000000 	0.000000 	0.000000 	0.000000 	0.000000 	0.000000 	 
0.000000 	0.000000 	0.000000 	0.000000 	0.000000 	0.000000 	0.000000 	0.000000 	0.000000 	0.000000 	0.000000 	0.000000 	 
0.000000 	0.000000 	0.000000 	0.000000 	0.000000 	0.000000 	0.000000 	0.000000 	0.000000 	0.000000 	0.000000 	0.000000 	 
0.000000 	0.000000 	0.000000 	0.000000 	0.000000 	0.000000 	0.000000 	0.000000 	0.000000 	0.000000 	0.000000 	0.000000 	 
0.000000 	0.000000 	0.000000 	0.000000 	0.000000 	0.000000 	0.000000 	0.000000 	0.000000 	0.000000 	0.000000 	0.000000 	 
0.000000 	0.000000 	0.000000 	0.000000 	0.000000 	0.000000 	0.000000 	0.000000 	0.000000 	0.000000 	0.000000 	0.000000 	 
0.000000 	0.000000 	0.000000 	0.000000 	0.000000 	0.000000 	0.000000 	0.000000 	0.000000 	0.000000 	0.000000 	0.000000 	 
0.000000 	0.000000 	0.000000 	0.000000 	0.000000 	0.000000 	0.000000 	0.000000 	0.000000 	0.000000 	0.000000 	0.000000 	 
0.000000 	0.000000 	0.000000 	0.000000 	0.000000 	0.000000 	0.000000 	0.000000 	0.000000 	0.000000 	0.000000 	0.000000 	 
0.000000 	0.000000 	0.000000 	0.000000 	0.000000 	0.000000 	0.000000 	0.000000 	0.000000 	0.000000 	0.000000 	0.000000 	 
0.000000 	0.000000 	0.000000 	0.000000 	0.000000 	0.000000 	0.000000 	0.000000 	0.000000 	0.000000 	0.000000 	0.000000 	 
0.000000 	0.000000 	0.000000 	0.000000 	0.000000 	0.000000 	0.000000 	0.000000 	0.000000 	0.000000 	0.000000 	0.000000 	 
0.000000 	0.000000 	0.000000 	0.000000 	0.000000 	0.000000 	0.000000 	0.000000 	0.000000 	0.000000 	0.000000 	0.000000 	 
0.000000 	0.000000 	0.000000 	0.000000 	0.000000 	0.000000 	0.000000 	0.000000 	0.000000 	0.000000 	0.000000 	0.000000 	 
0.000000 	0.000000 	0.000000 	0.000000 	0.000000 	0.000000 	0.000000 	0.000000 	0.000000 	0.000000 	0.000000 	0.000000 	 
0.000000 	0.000000 	0.000000 	0.000000 	0.000000 	0.000000 	0.000000 	0.000000 	0.000000 	0.000000 	0.000000 	0.000000 	 
0.000000 	0.000000 	0.000000 	0.000000 	0.000000 	0.000000 	0.000000 	0.000000 	0.000000 	0.000000 	0.000000 	0.000000 	 
0.000000 	0.000000 	0.000000 	0.000000 	0.000000 	0.000000 	0.000000 	0.000000 	0.000000 	0.000000 	0.000000 	0.000000 	 
0.000000 	0.000000 	0.000000 	0.000000 	0.000000 	0.000000 	0.000000 	0.000000 	0.000000 	0.000000 	0.000000 	0.000000 	 
0.000000 	0.000000 	0.000000 	0.000000 	0.000000 	0.000000 	0.000000 	0.000000 	0.000000 	0.000000 	0.000000 	0.000000 	 
0.000000 	0.000000 	0.000000 	0.000000 	0.000000 	0.000000 	0.000000 	0.000000 	0.000000 	0.000000 	0.000000 	0.000000 	 
0.000000 	0.000000 	0.000000 	0.000000 	0.000000 	0.000000 	0.000000 	0.000000 	0.000000 	0.000000 	0.000000 	0.000000 	 
0.000000 	0.000000 	0.000000 	0.000000 	0.000000 	0.000000 	0.000000 	0.000000 	0.000000 	0.000000 	0.000000 	0.000000 	 
0.000000 	0.000000 	0.000000 	0.000000 	0.000000 	0.000000 	0.000000 	0.000000 	0.000000 	0.000000 	0.000000 	0.000000 	 
0.000000 	0.000000 	0.000000 	0.000000 	0.000000 	0.000000 	0.000000 	0.000000 	0.000000 	0.000000 	0.000000 	0.000000 	 
0.000000 	0.000000 	0.000000 	0.000000 	0.000000 	0.000000 	0.000000 	0.000000 	0.000000 	0.000000 	0.000000 	0.000000 	 
0.000000 	0.000000 	0.000000 	0.000000 	0.000000 	0.000000 	0.000000 	0.000000 	0.000000 	0.000000 	0.000000 	0.000000 	 
0.000000 	0.000000 	0.000000 	0.000000 	0.000000 	0.000000 	0.000000 	0.000000 	0.000000 	0.000000 	0.000000 	0.000000 	 
0.000000 	0.000000 	0.000000 	0.000000 	0.000000 	0.000000 	0.000000 	0.000000 	0.000000 	0.000000 	0.000000 	0.000000 	 
0.000000 	0.000000 	0.000000 	0.000000 	0.000000 	0.000000 	0.000000 	0.000000 	0.000000 	0.000000 	0.000000 	0.000000 	 
0.000000 	0.000000 	0.000000 	0.000000 	0.000000 	0.000000 	0.000000 	0.000000 	0.000000 	0.000000 	0.000000 	0.000000 	 
0.000000 	0.000000 	0.000000 	0.000000 	0.000000 	0.000000 	0.000000 	0.000000 	0.000000 	0.000000 	0.000000 	0.000000 	 
0.000000 	0.000000 	0.000000 	0.000000 	0.000000 	0.000000 	0.000000 	0.000000 	0.000000 	0.000000 	0.000000 	0.000000 	 
0.000000 	0.000000 	0.000000 	0.000000 	0.000000 	0.000000 	0.000000 	0.000000 	0.000000 	0.000000 	0.000000 	0.000000 	 
0.000000 	0.000000 	0.000000 	0.000000 	0.000000 	0.000000 	0.000000 	0.000000 	0.000000 	0.000000 	0.000000 	0.000000 	 
0.000000 	0.000000 	0.000000 	0.000000 	0.000000 	0.000000 	0.000000 	0.000000 	0.000000 	0.000000 	0.000000 	0.000000 	 
0.000000 	0.000000 	0.000000 	0.000000 	0.000000 	0.000000 	0.000000 	0.000000 	0.000000 	0.000000 	0.000000 	0.000000 	 
0.000000 	0.000000 	0.000000 	0.000000 	0.000000 	0.000000 	0.000000 	0.000000 	0.000000 	0.000000 	0.000000 	0.000000 	 
0.000000 	0.000000 	0.000000 	0.000000 	0.000000 	0.000000 	0.000000 	0.000000 	0.000000 	0.000000 	0.000000 	0.000000 	 
0.000000 	0.000000 	0.000000 	0.000000 	0.000000 	0.000000 	0.000000 	0.000000 	0.000000 	0.000000 	0.000000 	0.000000 	 
0.000000 	0.000000 	0.000000 	0.000000 	0.000000 	0.000000 	0.000000 	0.000000 	0.000000 	0.000000 	0.000000 	0.000000 	 
0.000000 	0.000000 	0.000000 	0.000000 	0.000000 	0.000000 	0.000000 	0.000000 	0.000000 	0.000000 	0.000000 	0.000000 	 
0.000000 	0.000000 	0.000000 	0.000000 	0.000000 	0.000000 	0.000000 	0.000000 	0.000000 	0.000000 	0.000000 	0.000000 	 
0.000000 	0.000000 	0.000000 	0.000000 	0.000000 	0.000000 	0.000000 	0.000000 	0.000000 	0.000000 	0.000000 	0.000000 	 
0.000000 	0.000000 	0.000000 	0.000000 	0.000000 	0.000000 	0.000000 	0.000000 	0.000000 	0.000000 	0.000000 	0.000000 	 
0.000000 	0.000000 	0.000000 	0.000000 	0.000000 	0.000000 	0.000000 	0.000000 	0.000000 	0.000000 	0.000000 	0.000000 	 
0.000000 	0.000000 	0.000000 	0.000000 	0.000000 	0.000000 	0.000000 	0.000000 	0.000000 	0.000000 	0.000000 	0.000000 	 
0.000000 	0.000000 	0.000000 	0.000000 	0.000000 	0.000000 	0.000000 	0.000000 	0.000000 	0.000000 	0.000000 	0.000000 	 
0.000000 	0.000000 	0.000000 	0.000000 	0.000000 	0.000000 	0.000000 	0.000000 	0.000000 	0.000000 	0.000000 	0.000000 	 
0.000000 	0.000000 	0.000000 	0.000000 	0.000000 	0.000000 	0.000000 	0.000000 	0.000000 	0.000000 	0.000000 	0.000000 	 
0.000000 	0.000000 	0.000000 	0.000000 	0.000000 	0.000000 	0.000000 	0.000000 	0.000000 	0.000000 	0.000000 	0.000000 	 
0.000000 	0.000000 	0.000000 	0.000000 	0.000000 	0.000000 	0.000000 	0.000000 	0.000000 	0.000000 	0.000000 	0.000000 	 
0.000000 	0.000000 	0.000000 	0.000000 	0.000000 	0.000000 	0.000000 	0.000000 	0.000000 	0.000000 	0.000000 	0.000000 	 
0.000000 	0.000000 	0.000000 	0.000000 	0.000000 	0.000000 	0.000000 	0.000000 	0.000000 	0.000000 	0.000000 	0.000000 	 
0.000000 	0.000000 	0.000000 	0.000000 	0.000000 	0.000000 	0.000000 	0.000000 	0.000000 	0.000000 	0.000000 	0.000000 	 
0.000000 	0.000000 	0.000000 	0.000000 	0.000000 	0.000000 	0.000000 	0.000000 	0.000000 	0.000000 	0.000000 	0.000000 	 
0.000000 	0.000000 	0.000000 	0.000000 	0.000000 	0.000000 	0.000000 	0.000000 	0.000000 	0.000000 	0.000000 	0.000000 	 
0.000000 	0.000000 	0.000000 	0.000000 	0.000000 	0.000000 	0.000000 	0.000000 	0.000000 	0.000000 	0.000000 	0.000000 	 
0.000000 	0.000000 	0.000000 	0.000000 	0.000000 	0.000000 	0.000000 	0.000000 	0.000000 	0.000000 	0.000000 	0.000000 	 
0.000000 	0.000000 	0.000000 	0.000000 	0.000000 	0.000000 	0.000000 	0.000000 	0.000000 	0.000000 	0.000000 	0.000000 	 
0.000000 	0.000000 	0.000000 	0.000000 	0.000000 	0.000000 	0.000000 	0.000000 	0.000000 	0.000000 	0.000000 	0.000000 	 
0.000000 	0.000000 	0.000000 	0.000000 	0.000000 	0.000000 	0.000000 	0.000000 	0.000000 	0.000000 	0.000000 	0.000000 	 
0.000000 	0.000000 	0.000000 	0.000000 	0.000000 	0.000000 	0.000000 	0.000000 	0.000000 	0.000000 	0.000000 	0.000000 	 
0.000000 	0.000000 	0.000000 	0.000000 	0.000000 	0.000000 	0.000000 	0.000000 	0.000000 	0.000000 	0.000000 	0.000000 	 
0.000000 	0.000000 	0.000000 	0.000000 	0.000000 	0.000000 	0.000000 	0.000000 	0.000000 	0.000000 	0.000000 	0.000000 	 
0.000000 	0.000000 	0.000000 	0.000000 	0.000000 	0.000000 	0.000000 	0.000000 	0.000000 	0.000000 	0.000000 	0.000000 	 
0.000000 	0.000000 	0.000000 	0.000000 	0.000000 	0.000000 	0.000000 	0.000000 	0.000000 	0.000000 	0.000000 	0.000000 	 
0.000000 	0.000000 	0.000000 	0.000000 	0.000000 	0.000000 	0.000000 	0.000000 	0.000000 	0.000000 	0.000000 	0.000000 	 
0.000000 	0.000000 	0.000000 	0.000000 	0.000000 	0.000000 	0.000000 	0.000000 	0.000000 	0.000000 	0.000000 	0.000000 	 
0.000000 	0.000000 	0.000000 	0.000000 	0.000000 	0.000000 	0.000000 	0.000000 	0.000000 	0.000000 	0.000000 	0.000000 	 
0.000000 	0.000000 	0.000000 	0.000000 	0.000000 	0.000000 	0.000000 	0.000000 	0.000000 	0.000000 	0.000000 	0.000000 	 
