0.073621
0.055275
0.025197
-0.010981
-0.045395
-0.069873
-0.077455
-0.058313
-0.006956
0.043543
0.068426
0.062280
0.040189
0.006851
-0.029904
-0.059748
-0.073867
-0.060684
-0.004522
0.061625
0.093294
0.085743
0.062810
0.026866
-0.013882
-0.049608
-0.070762
-0.066955
-0.022322
0.049082
0.091858
0.091702
0.067412
0.030548
-0.012977
-0.049670
-0.068968
-0.055271
0.013341
0.093481
0.120657
0.106554
0.088380
0.057600
0.021734
-0.016160
-0.050029
-0.075068
-0.087299
-0.084771
-0.066565
-0.036690
-0.008547
0.008614
0.010891
0.002342
-0.012135
-0.032182
-0.053835
-0.073352
-0.086768
-0.091464
-0.086191
-0.070512
-0.049608
-0.030637
-0.019030
-0.017283
-0.024631
-0.038032
-0.055349
-0.071948
-0.083367
-0.085770
-0.074147
-0.044210
-0.010825
0.013575
0.020985
0.011952
-0.007782
-0.034335
-0.059452
-0.075021
-0.072478
-0.039124
0.019893
0.063824
0.075649
0.061968
0.039534
0.006742
-0.028110
-0.058438
-0.076971
-0.078219
-0.065848
-0.053508
-0.041137
-0.028765
-0.016441
-0.021901
-0.022712
-0.032837
-0.046690
-0.055224
-0.057611
-0.051636
-0.034771
-0.020513
-0.009935
-0.012057
-0.024319
-0.031511
-0.038562
-0.044241
-0.047127
-0.051511
-0.041729
-0.023882
-0.022494
-0.011729
-0.017408
-0.027065
-0.035442
-0.051043
-0.058188
-0.062759
-0.068422
-0.067236
-0.053321
-0.033960
-0.038094
-0.041059
-0.017860
-0.032338
-0.048765
-0.058890
-0.062853
-0.064272
-0.060809
-0.035396
-0.014475
0.001968
0.021765
0.003029
-0.022587
-0.039030
-0.046737
-0.055910
-0.061214
-0.070263
-0.068110
-0.049795
-0.016503
-0.031183
-0.007174
-0.020154
-0.012041
-0.028890
-0.041324
-0.059296
-0.066160
-0.064647
-0.050949
-0.011199
0.020782
0.041905
0.045681
0.013044
-0.017938
-0.037112
-0.054615
-0.058594
-0.050871
-0.029732
-0.001417
0.022280
0.006742
-0.001215
-0.000996
-0.023227
-0.039779
-0.046706
-0.038999
-0.012385
0.045275
0.048567
0.038130
0.035228
0.015806
0.000096
-0.018375
-0.037034
-0.031839
0.003544
0.020595
0.066086
0.081656
0.066632
0.032982
-0.011511
-0.013523
-0.026581
-0.026425
0.000876
0.061016
0.116960
0.124370
0.092701
0.071000
0.022904
-0.010513
-0.022088
-0.027455
-0.024459
0.001172
0.032888
0.049628
0.052607
0.054542
0.025868
0.024090
-0.004678
-0.018796
-0.018484
-0.023133
0.006976
0.053091
0.091890
0.084245
0.086788
0.043450
0.041625
-0.009358
-0.026581
-0.024459
-0.013586
0.031437
0.093294
0.081859
0.080142
0.059378
0.010517
-0.019062
-0.024678
-0.036878
-0.020466
0.026430
0.060938
0.086039
0.075478
0.080766
0.019394
-0.007392
-0.033851
-0.039857
-0.051371
-0.053851
-0.053913
-0.031761
0.002608
0.016976
0.025244
0.035135
0.005228
0.000000
0.000000
0.000000
0.000000
0.000000
0.000000
0.000000
0.000000
0.000000
0.000000
0.000000
0.000000
0.000000
0.000000
0.000000
0.000000
0.000000
0.000000
0.000000
0.000000
0.000000
0.000000
0.000000
0.000000
0.000000
0.000000
0.000000
0.000000
0.000000
0.000000
0.000000
0.000000
0.000000
0.000000
0.000000
0.000000
0.000000
0.000000
0.000000
0.000000
0.000000
0.000000
0.000000
0.000000
0.000000
0.000000
0.000000
0.000000
0.000000
0.000000
0.000000
0.000000
0.000000
0.000000
0.000000
0.000000
0.000000
0.000000
0.000000
0.000000
0.000000
0.000000
0.000000
0.000000
0.000000
0.000000
0.000000
0.000000
0.000000
0.000000
0.000000
0.000000
0.000000
0.000000
0.000000
0.000000
0.000000
0.000000
0.000000
0.000000
0.000000
0.000000
0.000000
0.000000
0.000000
0.000000
0.000000
0.000000
0.000000
0.000000
0.000000
0.000000
0.000000
0.000000
0.000000
0.000000
0.000000
0.000000
0.000000
0.000000
0.000000
0.000000
0.000000
0.000000
0.000000
0.000000
0.000000
0.000000
0.000000
0.000000
0.000000
0.000000
0.000000
0.000000
0.000000
0.000000
0.000000
0.000000
0.000000
0.000000
0.000000
0.000000
0.000000
0.000000
0.000000
0.000000
0.000000
0.000000
0.000000
0.000000
0.000000
0.000000
0.000000
0.000000
0.000000
0.000000
0.000000
0.000000
0.000000
0.000000
0.000000
0.000000
0.000000
0.000000
0.000000
0.000000
0.000000
0.000000
0.000000
0.000000
0.000000
0.000000
0.000000
0.000000
0.000000
0.000000
0.000000
0.000000
0.000000
0.000000
0.000000
0.000000
0.000000
0.000000
0.000000
0.000000
0.000000
0.000000
0.000000
0.000000
0.000000
0.000000
0.000000
0.000000
0.000000
0.000000
0.000000
0.000000
0.000000
0.000000
0.000000
0.000000
0.000000
0.000000
0.000000
0.000000
0.000000
0.000000
0.000000
0.000000
0.000000
0.000000
0.000000
0.000000
0.000000
0.000000
0.000000
0.000000
0.000000
0.000000
0.000000
0.000000
0.000000
0.000000
0.000000
0.000000
0.000000
0.000000
0.000000
0.000000
0.000000
0.000000
0.000000
0.000000
0.000000
0.000000
0.000000
0.000000
0.000000
0.000000
0.000000
0.000000
0.000000
0.000000
0.000000
0.000000
0.000000
0.000000
0.000000
0.000000
0.000000
0.000000
0.000000
0.000000
0.000000
0.000000
0.000000
0.000000
0.000000
0.000000
0.000000
0.000000
0.000000
0.000000
0.000000
0.000000
0.000000
0.000000
0.000000
0.000000
0.000000
0.000000
0.000000
0.000000
0.000000
0.000000
0.000000
0.000000
0.000000
0.000000
0.000000
0.000000
0.000000
0.000000
0.000000
0.000000
0.000000
0.000000
0.000000
0.000000
0.000000
0.000000
0.000000
0.000000
0.000000
0.000000
0.000000
0.000000
0.000000
0.000000
0.000000
0.000000
0.000000
0.000000
0.000000
0.000000
0.000000
0.000000
0.000000
0.000000
0.000000
0.000000
0.000000
0.000000
0.000000
0.000000
0.000000
0.000000
0.000000
0.000000
0.000000
0.000000
0.000000
0.000000
0.000000
0.000000
0.000000
0.000000
0.000000
0.000000
0.000000
0.000000
0.000000
0.000000
0.000000
0.000000
0.000000
0.000000
0.000000
0.000000
0.000000
0.000000
0.000000
0.000000
0.000000
0.000000
0.000000
0.000000
0.000000
0.000000
0.000000
0.000000
0.000000
0.000000
0.000000
0.000000
0.000000
0.000000
0.000000
0.000000
0.000000
0.000000
0.000000
0.000000
0.000000
0.000000
0.000000
0.000000
0.000000
0.000000
0.000000
0.000000
0.000000
0.000000
0.000000
0.000000
0.000000
0.000000
0.000000
0.000000
0.000000
0.000000
0.000000
0.000000
0.000000
0.000000
0.000000
0.000000
0.000000
0.000000
0.000000
0.000000
0.000000
0.000000
0.000000
0.000000
0.000000
0.000000
0.000000
0.000000
0.000000
0.000000
0.000000
0.000000
0.000000
0.000000
0.000000
0.000000
0.000000
0.000000
0.000000
0.000000
0.000000
0.000000
0.000000
0.000000
0.000000
0.000000
0.000000
0.000000
0.000000
0.000000
0.000000
0.000000
0.000000
0.000000
0.000000
0.000000
0.000000
0.000000
0.000000
0.000000
0.000000
0.000000
0.000000
0.000000
0.000000
0.000000
0.000000
0.000000
0.000000
0.000000
0.000000
0.000000
0.000000
0.000000
0.000000
0.000000
0.000000
0.000000
0.000000
0.000000
0.000000
0.000000
0.000000
0.000000
0.000000
0.000000
0.000000
0.000000
0.000000
0.000000
0.000000
0.000000
0.000000
0.000000
0.000000
0.000000
0.000000
0.000000
0.000000
0.000000
0.000000
0.000000
0.000000
0.000000
0.000000
0.000000
0.000000
0.000000
0.000000
0.000000
0.000000
0.000000
0.000000
0.000000
0.000000
0.000000
0.000000
0.000000
0.000000
0.000000
0.000000
0.000000
0.000000
0.000000
0.000000
0.000000
0.000000
0.000000
0.000000
0.000000
0.000000
0.000000
0.000000
